dim=4
num=1152
-1	0.70962908198574	0.859085126714355	-0.921769343280126	0.599550904519647
-1	0.551287611737516	-0.525192793237601	0.898443982889151	0.472021760173152
1	-0.0140654253838889	-0.956303597407557	-0.2944465248354	-0.947947685582539
1	-0.853807958706193	-0.882443445679938	-0.913013881963219	0.694270664683669
-1	0.622499815943884	-0.817621006545434	0.730640521147587	0.188090064184782
-1	-0.573160088422317	0.442834703923592	-0.578932744254792	-0.929111449946236
-1	0.465885854077472	-0.867777112809837	0.882684481275587	0.453587332485983
1	0.279101487844764	-0.833766854290742	-0.335623698931012	-0.418741794963713
1	-0.415584466147974	-0.376641683921517	-0.256061595518171	0.405637992269191
-1	0.0869983234847889	0.877968179936506	0.0867252690190101	-0.367795406546348
-1	-0.599371299892371	-0.860915290127003	0.943977584104974	0.795206293368342
-1	-0.323345218470015	0.901269924780945	0.328133440263632	-0.450261934404383
-1	0.823405684821031	-0.363207891286913	0.0818028035954586	0.969015528433498
1	-0.705976989914652	-0.925906929152974	-0.712975832500018	-0.733205621937851
1	0.438017870969147	-0.99265789333389	-0.866334949557825	0.419064724547353
1	-0.407877274513187	-0.555143349596832	-0.807079727671612	-0.180298571093147
1	0.379320101523455	-0.875704729871687	0.467636780565435	0.522833725215324
1	0.373618149838232	-0.318651874232409	-0.39272765880112	0.744531636007378
-1	0.0956537244355555	0.0984359276939351	-0.212538635922847	-0.712244798295314
-1	0.498857119818617	-0.374139037623135	0.39423376852378	0.564615929296527
-1	-0.195910553073469	0.33294641567997	0.630181647664952	-0.357690620868323
1	0.0844303421137995	-0.30463922736451	-0.71276480504906	-0.489677536995
-1	-0.663665851421499	-0.522855973580319	0.967620121300043	0.0796562168186792
1	0.744303129494331	0.667660544471657	-0.959918132033161	0.95577204970446
-1	0.946164437544609	0.124276155198122	-0.584113808155113	-0.447640488598328
-1	-0.56636685578449	0.805299715048307	0.176119915757384	0.14205755905344
-1	-0.970480232485794	0.337271167588081	-0.126638196002058	0.195587082391413
-1	0.286631706769872	0.999268965795296	-0.232062741756468	-0.187843091407718
1	-0.38689166185767	-0.430950878854352	-0.385024722379178	0.259176309806842
-1	-0.185324997261784	0.550610893196711	0.735271086793053	-0.316040671112035
-1	0.837060075177373	-0.0426856824395646	0.186499576636823	-0.103525876581448
1	-0.286271995532453	0.527616124380201	-0.999771493486954	0.427993179963899
1	0.058354059727096	-0.168310685627307	-0.658409235839923	-0.625419035379504
-1	-0.790025229468022	-0.158125742877892	0.130982785081017	-0.00121026812177627
1	-0.843173500077414	-0.511875911388488	-0.387210388382529	0.747159174525719
-1	0.821998968637548	0.0916481125595272	0.223690756235128	-0.662934817216794
-1	0.709206768176149	0.155463212707761	-0.533452121323651	0.175254008348684
-1	0.0526852668508353	-0.219094441840003	0.141097046966244	-0.604446455652102
-1	0.389005068405068	0.731926862956922	-0.284700563775702	0.476318826655074
1	-0.381199861588515	-0.720354207661168	-0.571670445414107	-0.498096356865995
-1	0.337042661075035	0.445368624034044	-0.862766977335684	-0.545057607602821
1	0.657678201635218	-0.606643706376964	-0.397817861939696	0.771234081020222
-1	0.43806633606463	0.616185545742598	0.102349809884257	-0.673449085873295
-1	-0.0621787184207601	0.988111912267335	-0.138039639749583	-0.254588037382154
-1	0.733623561325308	-0.150565606146383	0.187267355242403	0.558264791759786
1	0.0610682457038518	-0.175025501835637	-0.624692086886937	-0.7225514984329
-1	0.690592267406449	0.94603721981218	-0.0144241037845724	-0.521952092424944
1	-0.87342517910219	0.654663958425943	-0.620010406533261	0.877180707583754
1	-0.940205465974382	-0.889114031516534	-0.589883486549316	-0.623369655396496
1	-0.0455849101047893	-0.231251636162052	-0.320613018852013	0.315850474553113
-1	-0.446718925352543	-0.304686202343873	0.737187672284054	0.436499721108237
-1	0.67855574827574	-0.185453867160461	0.457732262768658	0.400893156137733
-1	-0.130033497293495	0.969887473606452	0.742695265329767	0.769365744557868
-1	0.0923784370964293	-0.129935237173892	0.440835397430153	-0.487931837089328
-1	0.0700607109209805	0.859784521097217	-0.235649875009269	0.711640981823039
-1	0.407780397407608	-0.875865769514751	0.644659260122412	0.783402377638688
1	0.236195952275859	0.225169102300503	-0.733243619898913	-0.173064686904226
-1	0.57799539881665	-0.514669984353087	0.790996872722636	-0.0351248025126405
-1	-0.82995258729437	0.87141688068929	0.00498371711232881	-0.634245551952275
1	0.087786825880309	-0.061191807995174	-0.401107246708641	-0.12395386543309
-1	-0.511695042956478	0.584682740077694	0.608081404868551	-0.843312652708643
1	0.911968693096176	-0.389376151091129	-0.215197729512676	0.18972977119951
-1	-0.329949428946688	0.898048350540012	0.306569633682524	0.0946305687979938
-1	-0.995601761152782	-0.0322540006750515	0.908070077145505	-0.570853155837792
-1	0.0506545375337146	0.953785294645366	-0.799696231167622	-0.546613354024763
-1	-0.452210247261548	-0.369203050327116	0.822897757321083	-0.615363512940408
-1	-0.821109399116183	-0.222179932157593	0.599318331852238	0.220961556407139
-1	0.865081045713779	0.0750809493824285	0.424281337030363	-0.868747481083845
-1	0.260891767805858	0.888303990423821	0.223336024779517	0.823097657329914
-1	-0.483947174383303	0.487971912831055	0.871433684542511	-0.374427896633012
1	-0.559633168186822	0.0770266089015765	-0.843115257957538	0.679947048276638
1	0.178760381964389	-0.303633696075358	-0.0395230413598582	0.202301413380681
-1	0.963346803543785	-0.42416312704988	0.31509991051401	0.134001531234943
1	-0.261495576827552	-0.854493892683878	-0.671743618171543	0.857508007370638
-1	0.761784982756611	0.22344491780896	0.977796746407541	0.134148625253769
-1	0.0113055170566334	0.563840714080185	0.324648725485731	0.594969621670884
-1	-0.526232986490351	0.175317114766369	0.833738800992136	-0.883905751576603
-1	0.744409974545431	-0.915027580184409	0.913094018545511	0.56268262470266
1	-0.917648389897145	0.57473166546539	-0.986980185837941	0.470763143836876
1	-0.526087792369578	-0.857049290955555	0.205876105095202	0.482524296959175
-1	0.817343109202265	-0.602983081528443	0.257614752863354	0.289244172763659
-1	0.759981038868419	-0.70972019420458	0.392748095743706	0.115385660489735
1	0.560047608595364	0.365828017408879	-0.938687325426697	0.292607907807737
-1	0.510175166423514	-0.262714940711257	0.614266586310354	-0.123473882267007
-1	0.752377883415845	-0.438084879628422	0.206180034766989	-0.99655673280198
-1	-0.137372497067495	-0.155617289783255	0.45789143883525	0.878374383728194
-1	-0.337257145595391	0.75241728581135	0.0516499211320887	0.163772757707058
-1	-0.867513706845936	-0.142506762008419	0.383595799740216	0.618834273712167
1	-0.982431187286242	-0.504727550551634	0.316805516051504	-0.385711401414923
-1	-0.693774038783169	-0.964595447277928	0.834988582802465	-0.816512792285771
-1	0.782569019022663	-0.281646859497599	-0.443953360171967	-0.621418042863448
1	-0.976340254757712	-0.379513889262226	-0.947492541720854	0.345066550814112
-1	0.960465079155036	0.136493696429065	0.718385260421031	0.911997087258844
-1	-0.0632293257225441	0.202432837897182	-0.38010320597333	-0.0270396010144798
-1	-0.0608745203636933	0.37924036913516	-0.37349868164095	-0.992436246942932
1	0.238629884663331	-0.771024661963351	-0.0171006326643287	-0.297445629396218
-1	0.982232217668664	-0.557521599138864	0.27503909509398	0.0149027169751481
1	0.420479543237239	-2.20122747225382E-05	-0.429699843483837	0.716973330693773
1	-0.273073462430888	0.0226928270527593	-0.779125751824642	-0.855725637569896
-1	-0.711663929611288	0.0793094816986981	0.854714638485906	-0.957743256333164
-1	0.699909827532205	0.706583370317977	0.203307678552022	-0.00400740327500149
-1	0.139107977570551	0.471598712481371	-0.317936400565289	-0.184864025183424
-1	0.875375655421696	-0.656154882934017	0.67516311894877	-0.0730144079183296
-1	0.408903234363023	0.827424829745397	-0.0551426769491018	0.553593680986014
-1	0.73545377316673	0.853492269224251	-0.603650260532112	0.581181344381152
-1	0.345447015643794	0.0376047413039975	0.924587007576873	-0.0395129085702416
1	-0.433806460087097	-0.998588070272742	0.185070549689732	0.914077847224696
1	-0.0184414102781757	-0.524377568403435	-0.315375671403192	0.859815997937609
1	0.524525730649254	-0.415755425307786	-0.692346074475137	0.532046514345355
-1	0.0256676594846266	0.986906770610673	0.563446393033232	-0.489366494812708
-1	0.760414801426425	-0.540096879722596	0.139527061553452	0.0766344261712555
-1	0.324814868776507	0.643314564434492	-0.69192990366925	-0.100498292176285
1	-0.922164495998139	-0.332719432810656	-0.591179410736626	-0.565156198835539
1	-0.31704025776919	-0.726466705895246	-0.303190271976958	-0.337694913771793
1	0.781996362741104	-0.757179412877736	-0.570200943187904	0.137696047843292
-1	-0.71347183720836	-0.232014247789986	0.833577385094751	0.399753223825131
-1	0.659220788469175	0.815347121011162	0.402459861432416	-0.175341340329191
-1	0.519770904220534	0.412810808705544	-0.472073978498613	0.748547002556057
-1	-0.709954123808981	0.885716234280596	0.820766542954727	-0.114456104633611
-1	0.898077679750546	-0.152047418594382	0.635672222653251	-0.0771210245215898
-1	0.693341833396508	-0.714431158133983	0.836242343222835	-0.685721977467519
1	-0.933198157666809	-0.750219472567653	0.176856255706798	0.2509924365445
-1	0.887434846669172	0.645348839296656	0.750050151604251	-0.217152927637637
1	0.557107713798577	-0.574249654810061	-0.775894657604347	-0.00757095078358938
-1	-0.373674264817347	0.739773837728321	0.41741363770208	0.509467747765345
-1	-0.759145296997924	0.483411436659941	0.379730803603181	-0.334975304703682
1	-0.860645454312044	-0.339726413292683	-0.855202075026558	-0.202756492049786
-1	-0.547233248849974	0.811265832656653	-0.235772593522338	-0.065956218664514
-1	-0.392851635530988	0.506920081333686	0.444354214446784	-0.999040679074377
-1	-0.0682565910128209	0.519299362562271	0.33295138149194	0.409440261036828
1	-0.361509134695637	-0.848532575112084	-0.0627761869983636	0.874422064923878
-1	0.662760657101293	0.745078949139025	-0.80856071124252	0.86429553100108
1	0.661610891884943	-0.171662506261683	-0.740781839816264	-0.841696157977775
1	0.430538943703537	-0.873795525112094	-0.317975727523666	-0.790069603263433
1	-0.0941619617371643	0.171217647926518	-0.825076523155475	0.406528255625874
1	-0.895017397541095	-0.620387252243416	-0.201774314605526	-0.92383098598748
1	-0.118878567181005	-0.183993629731235	-0.824301292106649	-0.949812367535109
1	-0.0186038692568447	-0.77685397852997	-0.939314359770768	0.107026372620383
1	-0.59317754376362	-0.992026623334748	-0.129023117539018	-0.91061272188584
-1	-0.453812376341695	0.505308738679303	0.00226403819502519	-0.605724403451068
1	-0.531165702050163	-0.719497606027637	0.135632616065271	0.62442925741171
-1	0.552047672472916	-0.394076435544564	0.503504837631949	-0.519056110418893
-1	-0.175104191142649	0.234423817710217	0.0951212826627872	0.760525761060662
-1	0.344375885717746	0.926423125866066	0.304457658577924	-0.741121882452221
-1	0.353241739493442	-0.138945201010883	-0.00669936789511671	-0.153245713167473
1	0.569380241245674	-0.858748343707411	-0.117100599742076	0.438464870414913
-1	-0.232348146490915	0.152191787563354	0.751481385785845	0.422565567038285
-1	0.255227592426924	-0.407363005637826	0.663742773078262	0.400529299583533
-1	-0.831046390268508	0.780647880295593	-0.0623060423239628	0.824480208486542
-1	0.243980131691312	0.173796427982765	-0.475878658460397	-0.724802131636442
-1	0.312501532636816	0.694754818312244	0.22529182360754	0.746972313032938
-1	0.128024738807243	-0.69984012083143	0.762650486902637	-0.519600669629686
1	-0.296484281912672	-0.387901235086797	-0.263854461379281	0.685132824669188
1	-0.48799189342558	-0.844490248637502	-0.175104644696743	-0.672417358342753
-1	0.397602993714438	0.697167745650358	-0.143222596097376	-0.600144115090437
1	-0.145557821330409	-0.919060729406337	0.225716297154183	-0.767741185504823
-1	0.570681044631955	0.694591983079255	0.591572151329169	0.563728005422153
-1	-0.0112708318099709	0.479977450091381	0.0148979858564668	-0.820554688489323
-1	-0.663066542550487	-0.281897236258675	0.534252754195711	0.87462542293343
1	-0.0840401673149505	0.135927087224986	-0.68955986839233	-0.532508025659485
-1	0.389541300660717	0.271082055415531	-0.280950151049043	-0.356871172486279
-1	0.856491455741456	0.978609948409074	-0.111478806990887	-0.986556141631005
1	-0.0442474750076641	-0.38988868398121	-0.573122785227896	0.546812386040954
1	-0.68298097591986	-0.875734543369959	0.420755689693967	0.231562262043153
1	-0.530961478841939	-0.00696699088763775	-0.823708731599016	0.433432755727988
1	-0.291412272160599	-0.801077518519516	0.491670162180285	0.223538267995947
-1	0.597200779056736	-0.443299772889959	0.348199367219675	0.793905342833095
-1	-0.378743002833213	-0.0497300676301727	0.411622808972198	-0.738324093510548
1	0.386727614042688	-0.610714570437891	0.0103145842488457	0.583360123254061
1	0.361889421642706	-0.417412530359539	-0.624232641246278	0.592071096222881
-1	-0.193929209929858	0.578128292960175	-0.392024519570183	-0.621382147828761
-1	0.0531002353192773	0.468085599815513	0.862426287430537	-0.787331999180527
1	0.297347074047358	-0.697309507847442	0.405586901775369	0.922926823572687
-1	-0.0403641811759976	-0.122992624120318	0.758904246501114	0.190618819180233
-1	0.779411893235246	0.49551158095501	0.0459280484569855	0.299791228631414
-1	-0.369589418810601	0.0946158501760177	0.392186861202208	-0.994517407377491
1	0.198488507046592	-0.834798691717348	-0.839915228001734	0.927733594518031
-1	0.113950872381195	0.837395566439906	0.869672840400447	0.8864510515176
1	-0.38273434964136	-0.415779827821897	-0.372638034342154	0.130459434879226
1	0.590947001050667	0.113052310009046	-0.82956196732333	-0.870884820758777
1	-0.305726060320496	0.135531366400202	-0.503441731214263	-0.681433494985771
-1	0.544683030594458	0.488695985399511	0.30204008766545	-0.490279761836994
-1	-0.369618816939005	0.819695765068613	0.803948230018815	0.866377840687697
-1	0.536659421183476	0.0759761301223076	-0.0383394849665181	0.711454939894124
1	-0.814058568242033	-0.397507112192692	0.180129345124648	-0.112101072963374
-1	0.308000827817247	0.934692692912506	0.0987171284382777	0.459951507607452
-1	-0.566982348247889	0.519135850257769	0.305661173214047	-0.6245843533541
-1	-0.750354589778164	-0.371555188378112	0.599671818129565	-0.3336404167738
1	0.32507354827834	-0.0831871307842373	-0.39448271104809	0.494879214789197
1	-0.401942418609719	0.0736203561879789	-0.53920043797195	0.709792521647081
-1	-0.136838779382798	0.65036453383526	0.297352411457036	0.294255107312582
1	-0.966552663578909	-0.99670500028725	-0.650208369665876	0.541289520236333
-1	0.622559657144621	-0.0840929742362784	-0.0554819968787403	-0.0115458867566408
-1	0.932922964884398	0.282539105640044	-0.178885648576024	-0.240418753233002
-1	-0.963185762038075	0.0366067611782843	0.885548853262118	-0.974452819663311
1	-0.816965187814536	-0.0733755589804498	-0.739925172058831	-0.998063628560893
1	-0.779976053060953	0.137588646792615	-0.458695707590643	-0.380153448032287
-1	-0.529541158829602	0.466781300244285	0.113397358503843	0.112321075569988
1	-0.858306674220742	0.470336823477567	-0.975262293580576	0.657636293981986
-1	-0.36265971854453	0.804462021125696	0.426504171186362	-0.570277347960638
-1	0.169344219923645	0.764371652977714	-0.247144010498721	0.333738384458115
-1	0.683926808500628	-0.388782295113794	-0.266563381658198	-0.957465557361704
-1	-0.904301482208213	0.845936042184912	0.458064976827272	0.561450820211997
-1	0.188071502925862	-0.564747618308639	0.526757709461617	0.936536779597652
-1	0.390289705894091	0.295416040017929	0.0742311603735346	-0.104141310371524
-1	0.461990707303393	0.729945078366411	0.0708306790659348	-0.844221643099665
-1	0.802509667259878	0.832196927551272	-0.153239212535899	-0.537413858593169
1	0.25780139922062	0.16347805744199	-0.877759034688472	-0.767647783163771
-1	0.610102589991923	0.455826201222756	-0.143797039586956	-0.58133684079225
1	-0.826231548481729	-0.0736635565169451	-0.681990437061521	0.608806242052841
1	-0.595847971549187	-0.501230150228939	-0.475851965824073	-0.375477201014514
-1	-0.991283676582986	0.551946538291847	0.924249572644126	0.706440944087897
1	0.94357911401595	-0.911799073178228	-0.732653411912105	0.341924241437541
1	-0.269769139247839	-0.469354518442114	-0.0322680552640315	0.439399141557235
-1	-0.306459026088221	-0.402922367399057	0.531228717198236	0.851729880949357
1	0.764456917422105	-0.729149523065029	-0.215266956582324	-0.0677795396502034
-1	0.723695076873384	0.225712759991043	0.951348230220074	0.732245301703105
-1	0.579049421278317	0.108094550253867	0.76276832807938	-0.536046737588964
-1	-0.0225935229205496	0.465424918320694	-0.508293338822338	-0.0367791424676679
1	0.205797044190484	-0.553692119919552	-0.852937966516678	-0.749436871031968
-1	0.907947354907146	0.140319843376204	-0.480992972609118	0.169600472398848
-1	-0.103868530645905	-0.219683276126014	0.502121356084068	0.079457108434037
-1	-0.511905743513212	0.416803818855809	0.72512218529597	0.576690818917328
-1	0.395107726284819	-0.533720318010878	0.844349324630736	-0.866698448484157
-1	0.714036806353385	0.59192757382613	-0.0991722778878977	-0.216996436574029
1	0.600598308071773	-0.807995729058979	-0.87260847719042	-0.164515436237918
-1	-0.674567401257608	0.803393325676859	-0.635482235641909	0.264805942431467
1	-0.961061179619777	-0.995488912796364	-0.766397902633249	-0.752766906168669
-1	-0.549984400882378	0.280665588230204	0.943782526042211	-0.375862925954099
-1	0.751843449544089	0.615132571018828	-0.963911009004298	-0.0566216470006022
-1	0.723591403906975	-0.128108878213963	0.244151045216318	-0.837754397577492
1	0.382972364957897	-0.813922490837948	0.0688455361262177	-0.488873204909672
-1	0.621075593689957	-0.64159489033818	0.249184051178947	0.613869470364353
-1	0.545480157968346	0.364058470057351	-0.350035179103741	0.715943083966124
-1	0.0129283205666246	0.6835224636288	-0.155832126343545	0.0927381436772357
1	-0.584201040484105	-0.7626845863474	0.0405182880538135	-0.516416830716849
-1	0.183201721489058	0.477889091464639	0.126675219799706	-0.885557861945386
1	-0.477502844053089	0.220212250584835	-0.618541898028246	-0.901095764665443
-1	0.555838582830428	0.957449369112705	0.0594121595189963	-0.271292813714264
-1	-0.0521467742752967	0.965145920387072	0.452512198804185	-0.86064491041966
-1	-0.265452210449359	0.853390969267763	0.64373034874151	0.680533710718404
1	-0.244672963975311	-0.380267372997602	-0.298247064137015	0.0859571290602708
-1	-0.369299232666054	-0.772160557923913	0.611208753479276	-0.931679014084711
1	-0.229035302637627	-0.0566491526815338	-0.472420606516498	0.486275990254374
-1	0.831372833732223	-0.239432124066833	-0.0209561190665495	0.905083273493258
-1	0.059402289362346	-0.0455966019283964	0.988629639143418	-0.599136656894878
1	0.976947007690066	0.150279815844391	-0.941969112466075	0.588030788855642
-1	-0.695353689461646	0.921257634610523	-0.231910141758579	0.047782400179553
1	-0.768989735175385	-0.295187215923885	-0.641809645873406	-0.437592009751868
-1	-0.40641493508891	0.35998457733541	0.728256133258462	-0.43653090551334
-1	-0.223863844398346	-0.959281909260564	0.483741370720668	-0.705342286129176
-1	0.609003497105559	-0.686862883943535	0.327939537972184	-0.387512264488038
-1	0.429869975629202	0.573136169264622	-0.102665647446488	-0.812714650208463
-1	-0.0138979605463789	0.547428925310927	0.0799528002179939	0.780144391479038
-1	0.864761330124345	0.242867005636388	0.703586703028337	0.605047220180299
-1	-0.438298260531527	0.113722147007344	-0.218689181478084	-0.290556867276578
-1	0.459749583834666	-0.436573646700277	0.837310721090674	-0.933848086713743
-1	-0.414839506808128	0.96517140323537	-0.107309074656716	-0.528611743603187
1	0.0323117426747046	-0.584425213553209	0.128947117891604	0.0186841986229105
-1	0.470662027350935	0.693971925272593	-0.208140154000437	0.663809891633601
-1	0.822340277872207	0.445543152021963	-0.841839186773561	-0.268489858726268
1	0.0239232820570112	-0.419195491550116	-0.938319639274068	-0.316418660486312
1	0.624859983858121	-0.421954037352444	-0.302353339876213	0.350718059274702
1	0.656397874307073	-0.876791086921837	-0.998232644981813	0.662414008594311
1	0.259407272217519	-0.225701762002754	-0.165091869963841	0.0455771438058359
1	-0.524173605034209	0.261787624685926	-0.97267275767991	0.464698572393832
1	-0.319554756078662	-0.574053903843301	0.154973607116832	-0.42947274699317
1	-0.581518192580677	-0.938731398404916	-0.690517635871897	-0.829210595148248
-1	-0.548992840363175	-0.960223188605263	0.782706942308092	0.11615858744651
-1	-0.044438666219096	-0.950199322751816	0.685519850666411	-0.121054924615219
1	-0.498254007426209	0.153729381576986	-0.558708070571864	-0.992885469455684
-1	0.267524743111583	0.541972866068581	-0.185009617910259	-0.0908971704034587
-1	-0.586192568571396	0.466533109297293	0.759276926405391	-0.303636210646311
-1	-0.140936204763565	0.746282702193727	0.18798349666781	-0.439447346813719
1	0.418215909701873	-0.306537759167393	-0.948935102647606	-0.402022814099688
1	0.425830901333052	0.491153107719102	-0.734900467905635	0.563591382263038
1	-0.731436401480546	-0.473142744727965	-0.100289100362123	0.616621062912336
1	-0.659498029229929	-0.114391232428323	-0.293147325186593	0.209606594969335
-1	0.088778387330835	0.955963054651377	-0.456168848767955	0.322097013388805
1	-0.17950430474221	-0.979787288224226	-0.802826170717751	0.138472377852757
1	0.610955714066958	-0.754129222479709	-0.843280178421773	-0.0480513018779696
-1	-0.698008324810308	0.613118574774414	0.311725609615317	-0.295275542556902
-1	-0.148206685273073	0.222154289121811	0.697942677744638	-0.737900907051703
-1	0.99873577989579	0.0875426647660986	0.453114174051729	0.0105928848546897
-1	-0.111370150517379	-0.122299452834902	0.738550932024862	-0.259332512160452
1	-0.357738033569296	0.198369319177405	-0.43139914117353	0.528198663856927
-1	-0.240319565516114	-0.450329668563944	0.607585402022854	-0.0968992594149426
-1	0.202451550961682	0.865886483279004	0.74005695792849	0.398003197926098
-1	-0.503711588449642	-0.0874074805003626	-0.0129785281666455	0.179960123812761
-1	0.334433286140875	0.313150833972334	0.261599707073346	-0.34455497625496
1	0.215131645656718	-0.80501355780522	-0.235172251814591	0.11834768164826
-1	0.187666089827039	-0.55524641813489	0.210870815073545	-0.998764277435264
1	-0.497151119400352	0.533238266377355	-0.566532836093815	0.942795148092692
-1	-0.718338220249088	0.456506341442702	-0.503789588577947	-0.587413605110447
1	0.677269918693821	-0.3714788422787	-0.807731736361855	0.752321343753636
1	-0.99446682724844	-0.59137513096974	0.502272906481416	-0.014093168552077
-1	0.482097331193321	-0.70006052018146	0.765810681397938	0.0861432603961525
1	-0.899478807067256	-0.726845949761032	0.676159598713815	0.575479015510287
-1	0.616100840091752	0.0831059082798222	0.52553584218283	-0.552724475764075
-1	-0.566458429008004	0.45025317717821	-0.659467425970113	-0.685073147381224
-1	0.33879951636251	0.606349679458118	-0.599748140014591	0.669213284584327
-1	0.432419319372819	0.797261809835798	0.116341418175186	0.0397820701076566
-1	-0.583617891922415	-0.425564923056199	0.50269020511894	-0.294087871580426
-1	0.12088257033419	0.509278363319709	-0.35008814900652	-0.193493223373542
-1	-0.307286464286636	0.778920916737486	0.636250350454939	-0.1122733899915
-1	-0.321057099532828	-0.875272445322607	0.900714529631992	-0.77030516963932
1	0.85707866766354	-0.142011851604102	-0.67330569199906	0.19855587147109
-1	0.930970499259872	-0.951065112813872	0.979044823897558	-0.772983258484389
-1	-0.712011416308587	0.877341411019369	-0.586478172608874	-0.600816506706558
-1	-0.991626990955149	0.833059621897088	0.553487512075103	0.684835521357523
1	0.183598061643354	-0.273971388709718	-0.330238847681432	0.526086115988943
1	-0.229536154879972	-0.0297525297057594	-0.545403554823903	-0.893177523227957
-1	-0.566805942713658	-0.280970934443628	0.75456198852256	-0.345379345745491
-1	0.814002826723272	0.452805964021388	0.635983952151604	0.214071961685117
-1	0.705635149826126	-0.829442970375271	0.812134616920787	-0.425568829023078
-1	0.470567501834858	0.917785546704096	0.108811570847785	-0.632552779108543
1	-0.404609746953756	0.27567346360333	-0.582076455271838	0.243541159314821
1	0.095756535928583	-0.749271642299961	-0.201866232418393	-0.140346086183724
-1	-0.774566595337618	0.951414829097416	0.704128548365146	0.95291428917689
-1	0.454966402358826	-0.625371586356951	0.459230985240653	-0.113168802630701
1	-0.596608296780199	-0.780128168771103	-0.234638185815252	0.211941433703499
1	-0.705627101336432	0.324424169643048	-0.586986085207661	-0.164817380329975
1	-0.758642541132235	0.199449865706009	-0.306451656532684	0.837815979420122
1	-0.979074995023699	-0.0209436589018179	-0.785731980477335	0.265812514939258
1	0.617217040442497	-0.697686068572889	-0.0693041370573008	0.494790381516698
-1	-0.447676074433921	0.211055285861276	0.0110659408434601	-0.817534300413697
1	0.920895297974765	-0.105091925293716	-0.570812750407873	0.862587997625856
-1	0.748677415656241	0.683069662974714	0.759105559326292	0.331006736183076
1	-0.288673955615924	-0.0746965804485122	-0.828960532242879	0.250695670605961
-1	0.152423732519347	0.896870137144285	-0.926925677772111	0.270966083403195
-1	-0.13734045118901	0.582740925058136	0.0021837004470564	0.896306670222574
-1	0.557180014232723	-0.0396822118385146	-0.161271091160025	0.2463770635642
1	0.737146809574751	-0.561683966574112	-0.664302751265607	0.152652470931715
-1	0.44393255070035	0.964440603723955	-0.66549272819678	0.192336417358525
-1	0.208805890385437	-0.417103885401554	0.291046135728735	0.399464823957283
-1	-0.104763079949079	-0.449574082833516	0.0865052040137841	-0.441712204106949
-1	0.440344306379717	0.362541607284239	0.126489935036046	0.0956215854248132
1	-0.191983126658938	-0.036427651083296	-0.886611217580089	0.720346903298212
-1	-0.770760390800778	0.659729779539504	-0.367869167294292	-0.0304169994920571
1	-0.791128414585781	0.114759270620886	-0.37471431464642	-0.0394224901867204
1	-0.943820834133691	0.182810186027927	-0.874558811948895	0.310361382230353
-1	0.347372414240321	-0.393546911605423	0.887074185482726	-0.253114559339878
1	-0.409203852251733	-0.0212969496014048	-0.958110219779476	-0.430472382079099
1	-0.394175998584449	-0.326390501729395	-0.624270836647726	-0.687766368355493
1	-0.503764278955648	-0.556104095445994	-0.544037636157143	-0.805361593051516
-1	0.83382785312544	0.743107323415162	-0.561639809776861	-0.226425539341953
1	-0.675072748994023	-0.384649654563819	-0.0765871382675074	0.784202771160846
-1	0.332309771018247	0.364924271295278	-0.0165351680556942	-0.905953380235449
-1	0.957610429244866	-0.669531374084545	0.343285658090974	0.712426734022995
-1	-0.575015270884622	0.776143821783431	0.210915381652729	-0.16610878201486
1	0.475467421801513	-0.620395505624076	-0.495174562323454	0.829313822942466
-1	-0.0783174313038203	0.54386116449901	0.114522901882661	0.555630110928617
1	0.28400061618723	-0.680102798938799	-0.526652720536409	0.764975680860214
-1	-0.341203093221971	-0.569352721594904	0.12674965668784	-0.686928157548852
-1	-0.255550004195212	0.351866727393058	-0.0145658687756238	-0.26797793119586
-1	0.683040226662085	-0.897128585678119	0.414575669641875	0.22587187645299
-1	0.995238218454289	0.947843160455973	-0.388082811323964	-0.724644624499904
-1	0.330323840179631	-0.336697570670721	0.887248902529128	-0.279908100739079
-1	0.232980522901276	0.622071145857718	-0.280829014853029	0.454223358749516
-1	0.238281885738616	-0.390953632719327	0.851891891961867	-0.218933913493032
-1	0.50082744355352	0.367782750803876	-0.499797845026384	0.0124125699570461
-1	-0.108423008168313	0.218489151084092	0.435249712986522	0.52696315083977
-1	0.203718969227615	0.0302138156398264	-0.0320232617817927	0.0731180017223201
1	-0.209290309440945	-0.521106687151411	0.150850991323055	0.372596007479632
-1	-0.0349711752659507	0.278953561223556	0.834075604488177	-0.0261605917597937
1	-0.0680560241770261	-0.160832473617435	-0.774693729251015	-0.379301813142049
-1	-0.567351701467927	0.753255380202669	-0.468004842041063	0.0367257609203113
-1	0.711476293258125	0.672526297938324	0.0747899567125319	-0.864596371475885
-1	0.499974835431191	-0.795631955282591	0.23119462525062	-0.684742524141791
1	0.602669259348265	-0.597836900315172	-0.665705115378697	-0.223250932629803
-1	-0.487406552530549	0.0849540378362659	0.0716364062724804	-0.699889975460195
-1	0.695325691111072	-0.185869099193192	0.929382208701867	-0.245912789947313
1	-0.528779845465338	0.346574977667339	-0.510805465984533	0.95932832451506
-1	-0.225029237207505	-0.121947516278339	0.849122110683993	-0.338340082829045
-1	0.142476480054891	0.879503968115665	-0.420235728575026	0.138321611629017
-1	-0.313506006874845	-0.601476047933789	0.815486857581645	0.531192671289292
-1	0.955423858927295	-0.167426890305908	0.573143166291128	-0.413658354158354
-1	0.247698687597969	-0.164406484535153	0.769926748131368	-0.437134274950779
1	-0.0553413233977469	0.0573265371179796	-0.538754039229245	0.846989937986708
-1	0.767531120110085	0.92519624620918	-0.0746275042531208	0.618517397725264
-1	0.823873171500803	0.77790794790625	-0.434494393614351	-0.635098684409214
-1	0.183331763922857	0.115461632197472	0.36043286573162	-0.378077648290469
1	-0.644754065966585	-0.430465291920335	0.172780995803318	0.7231652912326
-1	0.822398828259855	0.195973272992286	-0.909744925754957	-0.88593050459676
-1	0.269467180254621	0.540443734983189	-0.65531383438749	-0.13724741858302
-1	0.24098773451568	0.343040562860221	0.506388522454718	0.635626639069816
-1	0.576648229535971	0.926328808966246	0.0146696479128066	0.717644225674516
1	-0.583193477049094	-0.997867827302715	-0.10587120293913	0.217280233845711
-1	-0.0458685276312142	-0.0387531263002907	0.314448440128215	-0.0914139547810955
-1	0.833018345680562	0.450585541990858	-0.652139092633566	-0.160037773270178
1	0.472140243962472	-0.0487791854184024	-0.768904288191769	-0.321836020481696
1	0.662812519661529	-0.953238543101232	-0.259533103210634	0.748685403609967
1	-0.0329285371270629	-0.652823534632485	-0.422477242267913	-0.772912614873104
1	0.58051008059667	-0.937380085670101	-0.622470336790416	-0.519167391359418
1	-0.728480574548468	-0.0701210326841665	-0.211746913945185	0.257002954956611
1	-0.899208015715335	0.642788640057104	-0.794884171241375	-0.64688623866387
-1	0.675405911018795	0.955500761957607	-0.230966181136186	-0.138848045439854
1	0.881524832864071	0.181669029026138	-0.718948850277322	0.818881638263763
-1	0.192582827616754	0.504723938882688	0.390612337454507	-0.710233080065918
-1	0.11194485105199	-0.171775457063585	0.972814119408286	0.529886772637203
-1	0.18586191217688	0.265984244302839	-0.249427237198421	-0.930369942416609
-1	0.424609414965198	-0.332958588066026	0.636770153249041	-0.108488441961114
1	-0.416282789509875	-0.166384168512367	-0.362933380232627	-0.0968606216352715
1	-0.337667544063957	0.0908579524098234	-0.260829757554843	0.829351603905368
-1	-0.253895014177028	0.877981950472101	0.00275806849950833	0.707311757703923
-1	0.277727638034954	0.87931494222922	0.867160570745897	0.785402433846799
-1	-0.933874684355163	-0.241358880531676	0.0345045575101415	-0.924213858286018
1	-0.327992423124608	-0.912237256724498	0.368887757588591	0.443294882515117
1	-0.0429351520924527	0.258366313417613	-0.928858957220269	-0.165192260018174
1	-0.107784122744475	-0.864514228824766	-0.0714956536290682	0.00836449908482129
-1	-0.681269391291435	0.877522260824927	-0.722565255929979	0.0479090013764374
-1	-0.455397590741235	0.37791177135795	0.15654918232772	-0.898275124793069
-1	-0.234446303562469	0.561260733549139	0.54366193411111	0.23396290057989
1	0.825466474436906	-0.734497638295636	-0.747840865397752	0.30654696994766
1	0.398823673556942	-0.0348296710452203	-0.996495258061446	-0.334031704503126
-1	0.632536854423833	0.56098401153506	-0.780496018836506	-0.504045532785377
-1	0.464728073899042	0.193771737252256	0.946074530457181	0.40396614251843
-1	0.0197169096300922	0.904362502463331	-0.062864273350157	-0.389380785352262
-1	-0.0505223958988312	0.994393569414687	0.388581148995357	0.400205377210027
-1	0.601880198159199	-0.180748430630541	0.240800024588034	-0.311786455713113
-1	0.602091937140604	-0.0672203176967894	0.310232445276451	0.110746843326253
-1	-0.455899190835608	-0.865075142991298	0.617828408078211	-0.308437513796816
-1	0.00620717881536437	-0.235405927167929	0.435984066424884	0.927045548300746
1	-0.86801897076332	-0.737463949125942	0.375827644660989	-0.242253402826494
-1	0.658018279661433	0.781480276855398	0.583180927477396	0.35083067200651
-1	0.431837240900768	0.75258303980929	0.0820079655768386	-0.1388088060258
1	-0.375874993100704	-0.066957280536628	-0.715514703521279	0.831072905022219
-1	-0.123078787290994	-0.148046242607779	0.70466677178846	-0.420427895812517
-1	0.724370304366746	0.315291197651667	0.0638763583562691	-0.300242827879378
-1	-0.749248433741391	0.108757137837241	0.951853658050231	0.32980321689034
-1	0.575943329174045	0.254512044253997	-0.602241036296934	-0.744877163201979
1	-0.531621563961553	0.0100901783490974	-0.521361814588942	-0.313058446772889
-1	-0.381434075246301	-0.369165448178149	0.742187097548594	0.820399921303801
-1	0.236070641892064	0.889969352581524	0.256376303386118	0.849508897331315
1	0.850771716726372	-0.55095874869775	-0.513378163573043	0.61105808970102
-1	0.850439560529981	0.786755503055991	0.814641273494177	-0.845746578576857
1	0.0599273010436108	-0.143588037762599	-0.797324756066	-0.183310168414987
1	0.198659692517789	-0.323929527459633	-0.493004969085103	-0.450738858175808
-1	0.829626618805168	-0.746622289412945	0.774887342832465	-0.822674803353229
1	0.354824076106224	-0.173114871221182	-0.607187242064247	0.614034828550198
-1	-0.545595465947685	0.59754374325161	0.212506980268521	-0.753913339112845
-1	0.109766659843627	0.884266850484659	0.343501462295419	0.834400951785222
1	-0.941085105734451	0.214367461024955	-0.15101454460575	0.801710314956359
1	-0.377864698589716	-0.65920443165079	0.47936365636036	0.789187826118054
1	0.43987077075982	-0.756494457720078	0.19519553575441	0.611966473801046
-1	-0.192585065584902	0.661948353826044	0.488281860709322	0.942495452213332
-1	-0.876160479093045	0.192925955724402	0.990773302498634	-0.0173070686949915
1	-0.88491799025094	0.0790511067393473	-0.50531517877491	0.0238865879475543
-1	-0.943771506633503	-0.127412992123241	0.156653555648706	-0.74710418272163
-1	-0.425751477212529	0.568554612607022	0.0444867615795168	0.175660450558951
1	0.512910499941982	-0.631725707851223	-0.242225062680536	0.984292231492834
-1	0.827085017146117	-0.294715284041462	0.927125840413908	0.488831050455957
-1	-0.225985945773304	0.985699516714411	-0.262545574113049	0.111318533826302
-1	0.631689593024407	-0.219153715865292	-0.193380105864899	-0.20754381977373
1	-0.890738117457711	0.270011528055189	-0.8777528600198	0.916840704119224
-1	0.893493547986026	-0.639191469009589	0.719318942036163	-0.0201362124737986
-1	-0.280317360200136	0.825098867446696	0.745481821589862	0.749548293533525
-1	0.184142012700505	0.226467839081989	0.214939303330583	0.871316158152798
1	0.199018780700406	-0.980464914804541	-0.900944026140936	-0.56085935773368
1	-0.0958265834934202	0.503989629216487	-0.884589564932785	0.418554804948417
1	0.265800115310494	-0.498057747957324	-0.791321122921687	-0.870617506965351
-1	-0.658403319147603	0.383366287398788	0.392196994923147	0.275382209231789
1	-0.934032886258342	-0.635802624577565	-0.856366065263919	0.304236994732282
-1	0.446307472626822	0.127646057460292	0.282166902572926	0.152101968951571
-1	-0.351044649887385	0.777911149793263	0.26460959169297	-0.998013850300579
1	-0.0401971056313241	-0.822422453119616	-0.695310962244547	0.547546215144706
-1	-0.229239786616173	-0.133861732265848	0.912299753125897	0.612154507828948
-1	-0.318209689724357	-0.63252074813122	0.88828276371969	-0.394727746674199
1	0.154601092987974	-0.296307664968217	-0.34895941119127	0.391551295943349
-1	-0.847870346087902	0.589936449001514	-0.361732893326195	0.336316352401076
-1	-0.567098127476451	-0.529900387641927	0.683581179791867	-0.180055362721931
-1	0.0828339043459081	0.910702308598301	-0.574991314474024	-0.928627276759887
-1	-0.262631817377467	-0.0530459950925065	0.790185292153706	0.126262266713317
1	-0.760619962476483	-0.886575714632206	-0.541248089420259	0.0882225684301101
1	-0.802746785712776	-0.338867338066393	0.358622279650821	0.475458413118244
-1	0.471066534272892	0.780042487094199	-0.406408101043854	0.698487861872878
1	-0.524085388297255	0.53836168141028	-0.850364098255692	-0.257384862404962
-1	-0.523394531348438	0.890615606629576	-2.76849605271856E-05	0.0590189011111013
-1	0.139644043119459	0.928293239291894	0.569084277175872	-0.510296717989397
-1	-0.506003632911483	0.484744400477384	-0.535287689201202	-0.139942095214474
-1	-0.558870417791824	0.840927029885783	-0.125213674793585	0.73483630536815
1	-0.422706040284925	-0.237979502993626	-0.634107784197716	0.0411768076201793
-1	-0.755059575547958	0.56281802037862	0.194298081656126	0.490996991978491
-1	-0.768685830649308	0.16280869355556	0.865249818128184	-0.34714061457065
-1	0.876507713401927	0.985093317918988	-0.655969974424676	0.544472222935628
-1	0.761066406853994	0.682393547930938	0.594767254588551	-0.153247424007043
-1	0.946981689868021	-0.268833608957396	0.986618223593858	-0.688913201768377
-1	-0.455659991808077	0.969048628569138	-0.405773798658407	-0.28749118619016
1	-0.803579648865191	-0.501435625134705	0.0343288309100684	0.630139504387108
-1	-0.0947438381122163	-0.141244406412004	0.121193902157803	0.713894114696371
1	0.172469465607996	0.108459094124129	-0.502325286857004	-0.0862125517270587
-1	-0.303682475026549	0.508975323060982	-0.172295268239591	0.976835349563898
1	-0.93695657883629	-0.0837751082534786	-0.386804431391323	-0.491096950830471
-1	0.140714374902059	-0.0797599121368303	0.0989914979315323	-0.241263965722762
1	-0.753840224702768	-0.971966250786542	0.787854615500129	0.846127568672471
1	-0.224597726587484	-0.945194582429339	-0.503163200571743	-0.724108204117095
1	-0.0314081809629724	-0.518210732153715	0.294576640843682	0.732749794485397
-1	-0.871520137354508	-0.764889686258924	0.747603223541567	0.0177521198139303
1	-0.136100584238814	-0.369864089121047	-0.627997242672368	-0.347392687270135
1	0.184718834787942	-0.31902019368439	-0.849564948980494	-0.561993633192961
1	0.903461659282195	-0.99021712597004	-0.751956622932086	0.628115116445401
-1	0.355853059960461	-0.914676847827936	0.571794438907781	0.276180263271639
-1	0.399572876933763	-0.72440720336717	0.383979729089877	-0.122777587325674
-1	0.0709009780878671	0.275066333485332	-0.0615081587161441	0.117664048037335
-1	-0.388377705304128	-0.778217082739909	0.945195629235914	-0.785471742872834
-1	-0.785601317782701	0.0949549372750125	0.848355486918406	0.827933107422634
-1	0.168621668204955	0.595443448794746	0.645003633408343	-0.489421535976893
-1	-0.451762669464463	-0.553615814798333	0.574017199489296	0.565179968981622
-1	0.877598698193952	0.34984824869309	0.942665909390275	-0.234380600617444
-1	0.806762040502747	-0.131278317017145	-0.079961264077556	-0.116731333135036
1	-0.0900051710614959	-0.981603622427957	-0.666823082448367	0.852887066012662
-1	-0.148869415348801	-0.129619189132759	0.946851141726063	0.588833082275853
1	0.691644069595097	0.254338709290297	-0.959014981966007	-0.0370640824721493
-1	-0.264215822920304	0.93590679389234	-0.77639231541026	-0.191493277992817
1	-0.838572612888446	-0.57988973035472	-0.540506551759553	0.760409611165714
1	-0.559680481236279	0.0612159748846739	-0.272057067263898	-0.0468113082679041
-1	-0.298424402856466	0.818799760108255	-0.000376285519626096	0.721052729394777
1	0.332400424095057	-0.8271275580987	0.310902007534589	0.742900611713017
-1	0.301744181337647	0.0619269623709502	0.304533428188662	-0.803997695354744
-1	-0.238221980276621	0.995468420905745	-0.0231974772285658	-0.701759142662286
1	0.648592307068683	-0.94382944886751	-0.18106560557199	0.29389862124524
1	-0.594600832832326	-0.388918718038555	-0.170604208098075	0.941691904301612
1	0.12624056410335	0.134159187383093	-0.395807987728998	0.386651770857466
1	-0.590771765257591	0.15962912475673	-0.557050851898757	0.84877885405383
-1	0.290453444835941	0.379988225819538	0.151311468869127	0.0323308245429448
1	0.870757096386867	-0.774201587668714	-0.743567341819204	0.518771627693796
-1	0.943436701755708	-0.701915593679024	0.661191736190204	0.673857214708746
1	-0.368626634296322	-0.972394620055517	-0.953271297716196	-0.834041033794191
1	0.443307746873846	-0.838747409097267	-0.888182695902969	-0.615851032368769
-1	-0.757718419543336	0.434044311490862	-0.452210475435578	-0.909505684817911
-1	-0.0105960317936707	0.0579318101787623	-0.405187834708573	-0.801758763288035
-1	0.568680429630298	0.924250236677122	0.333672376970608	-0.857884943419083
-1	-0.381022185730293	0.455754574134832	-0.0944511401906848	0.381789793903841
-1	-0.155843047963382	0.94447169822849	-0.572516239049154	0.422793894737397
-1	0.799737892951694	0.300162766734214	0.350461919489532	-0.892685239153302
-1	-0.050110454228758	0.155538577193179	0.310318538597933	0.0986351841588669
-1	0.0874304850992889	-0.561766953934807	0.94334402398362	-0.752024356160324
1	0.0478118206596989	-0.941199819529988	0.606497273597167	0.856409133345079
1	-0.167801298744884	0.0608171536870381	-0.957073143663385	-0.187174713791895
-1	0.630986247039859	-0.941808578531169	0.950091198063498	-0.980813534921414
-1	-0.0355879706496317	0.519076679609286	0.0548794004390385	0.175618791568847
-1	0.122056520135168	-0.335061091620038	0.321802014169191	0.498836048645357
1	0.733768829951887	-0.310976590640366	-0.415588925320464	-0.0578811862775502
1	-0.91641760799867	-0.559525236282277	0.140604769410847	0.83386539101315
-1	0.747613271580829	0.49617698113256	0.110810751612676	0.130447383565105
-1	0.980906212693502	0.0856967331309322	0.0943032359212186	-0.439822366200305
1	0.849257300537665	0.0491397264642359	-0.450408907351274	0.78333979834958
-1	0.901544841891874	0.614658474742741	0.791807647697538	0.741546471482863
-1	0.350071568670716	0.331275454410946	0.14290273149633	0.430812866161956
-1	-0.899340823245859	-0.865300252970914	0.976578664023699	-0.577508423280673
1	0.116431031896002	-0.555492024661737	-0.485793186112211	-0.641211588699935
-1	0.474389105790476	-0.335621540125283	0.772826741343749	-0.608276062462607
-1	0.920212384276191	-0.790938534676534	0.0652120146272761	-0.865190734092701
1	-0.0526193301438443	-0.180356185501607	-0.961719747614916	0.878715296219436
-1	-0.575226556311933	-0.505298233360657	0.326361491031182	-0.927083206329068
-1	-0.884652184268763	0.538462215819611	0.597291206753483	-0.880889644790855
-1	-0.102784238337904	-0.157135396803327	0.592047245051734	-0.247693062409616
-1	0.297572032221394	0.709791903248891	0.733206214259009	0.612913524551743
1	0.519598317108861	-0.311680825106651	-0.985983648330897	0.536398237355239
1	-0.428510080756857	-0.264485175378847	0.0857885280092194	0.184878840662948
-1	0.276312985120487	-0.842132844888667	0.863127414073389	0.692483376568408
-1	-0.450553539884535	0.656998381790239	-0.205834198373293	-0.469572245827677
-1	0.292995202025862	0.264187435276894	0.00603942247388867	0.605957410114798
-1	-0.191661744002095	0.903661870352766	-0.69285623901191	0.577968816076391
-1	-0.152783231415219	-0.604903541321356	0.46157264963797	-0.368475497406197
-1	0.0723312148229831	0.0205198037533647	0.0941519053159989	-0.7895795189727
-1	-0.524144748935543	0.452298490075534	-0.384789051201562	-0.740938505037194
1	-0.19437253717071	-0.498117984970155	0.307225376976293	0.689258619066914
1	0.408913238630124	-0.858517349631767	-0.203396191449555	0.957480660619904
-1	0.675334801746223	0.904807830185074	0.569663895093679	0.240217379871857
-1	-0.951301198430034	0.0616194908794105	0.459311735564522	-0.9666154030555
1	-0.296247519224997	-0.872751195855789	-0.195424731446162	0.615936446756095
1	-0.618824586094741	-0.563952464407288	-0.310818531229542	-0.823606539435501
1	0.273942174983184	-0.545735974584583	-0.887452374160035	-0.744206818632878
-1	0.0637152497953342	0.652706933046089	0.216628125503952	0.097147970039932
-1	0.0417874329918007	-0.464895693336099	0.724800291343033	-0.208886813003983
-1	0.9569620583006	0.316780803406975	-0.802955828515327	-0.333144394370329
-1	0.107058061802321	-0.650336899631814	0.902634014330168	-0.0575910616002935
1	-0.174567436415035	-0.778644730233888	-0.417174298976164	-0.989288276056428
-1	0.561208068188843	0.0607673083714988	0.506668000252297	-0.651393553079755
-1	-0.352276778478304	-0.000725497957656862	0.877886081057548	-0.630420072763423
-1	0.812700546259387	0.130831916411795	-0.58468355591627	-0.0453507867852928
1	-0.971064975471732	-0.459189372816677	-0.10623458917543	-0.977372131299866
1	-0.311820295318877	-0.527484074946253	-0.801570053119943	0.513594494906065
1	0.336819199536377	-0.331801451431495	-0.9235774613561	0.386971677368028
1	0.930204632659538	-0.862280337075833	-0.491121615046226	-0.968487686462927
-1	-0.466586478737456	0.746772530370752	0.350960896979533	0.0525869052170715
1	0.87143832439158	-0.898164098103607	-0.30541488682172	-0.997052058576165
1	-0.853961067206208	-0.131978321416293	-0.550575251481764	-0.957487069050543
-1	-0.342781774393647	0.355220364106456	-0.0215873592633695	-0.173869858111194
-1	-0.0985356406767552	0.242394958269966	-0.362079418898597	-0.433752565381002
-1	0.455897689543617	0.880006145630035	-0.745770766281416	-0.647083361468782
1	-0.977074677113944	0.0692312061177711	-0.326107475592805	-0.106990480379663
1	-0.0156552302724008	-0.880303677115731	-0.581598185739293	-0.489996441402471
-1	-0.509603882911431	0.846373767520475	0.836166405974033	-0.934071984111365
-1	0.779871019432261	0.362729538866658	0.0832108888231269	0.927099122631875
-1	0.846225514005043	-0.109182530599266	0.876588935906342	0.820158026097416
1	-0.976908823464489	-0.844082984069401	-0.143623730700288	0.981598835429921
-1	0.689785907831875	0.250292396755094	-0.514492681955217	-0.312190325610428
-1	0.499799081822764	0.942630950334776	-0.424385376006544	-0.346592624367491
-1	0.492543296652168	-0.0019557415516841	0.0296615823310156	-0.197792881726191
-1	0.427943377489198	0.801575593557943	0.018603171696236	-0.973657390090477
-1	-0.550380135677001	0.939421189920707	0.552116813860888	-0.189155541914122
-1	0.519053958132423	-0.0875153751520046	0.0462591224565445	0.538734820456586
1	-0.840815930553161	-0.289178541530473	-0.279978079386045	-0.434919779857118
1	-0.996582790276307	-0.565928792378832	-0.670174538004293	0.867008306955457
1	-0.787145063181941	-0.307706311022726	0.203223611788463	0.734052372972505
-1	0.634189004839486	0.730592139871135	0.0102044767747653	-0.452234833246206
-1	0.270759143527019	0.182759030341524	-0.426615280763533	-0.218173239016055
1	-0.666932043464357	-0.718996229450682	-0.500844254857322	-0.955350079552899
-1	0.872214297704498	0.850246325996819	0.370538161774417	-0.916330013385196
1	-0.396199797930289	-0.954468188786166	-0.537455122702501	-0.222698717016121
1	-0.795966725701451	-0.053227502411803	-0.471374395057268	-0.211022376646764
1	0.222609029720821	-0.989465596149427	-0.350009834091184	0.0584720890309998
1	-0.331781203547391	0.162653275375559	-0.41064781854425	-0.264350311488076
1	-0.40164801823052	0.284550798723731	-0.607846394929963	-0.280972275548136
-1	-0.0707832868540582	0.00435164710709435	0.540085314558859	-0.663705072209102
1	-0.660900094388472	-0.735567638527401	0.205666863920943	0.878180298897522
1	-0.78833428667315	-0.324627999833146	-0.307134077561616	-0.846829116273126
-1	0.0635330458467513	-0.753844524619097	0.263208104885746	-0.832676874395775
-1	-0.770251188320225	-0.574077671195417	0.530019098673956	-0.312583492748711
1	0.201966534928403	-0.778773146578471	0.325156137032973	0.260224739676446
1	-0.467231135567292	0.514912630205468	-0.886392035468664	0.170414681160084
-1	0.691651589093568	0.763506056630754	0.446297938677621	-0.412336501019232
-1	0.458092720926782	-0.348489562677447	0.154453273468862	0.599448554962617
1	-0.494553503345025	-0.8737500504934	-0.561798622627649	0.93960091282595
1	0.741105633667254	-0.349554693954789	-0.422688089973614	-0.452762970446033
-1	0.317668481412189	-0.503180717818058	0.994939043184248	-0.577936678928294
1	0.899445170489813	-0.577970944148475	-0.494099123167852	-0.827570347035104
-1	0.754531700049775	0.704737097818748	0.517061189523461	-0.292010140275587
-1	0.679195510074122	-0.720139425117587	0.80352606335819	-0.17581272459394
1	-0.849175603058737	-0.964747817239141	-0.813471290196046	-0.551840343303904
1	0.229074061489233	-0.894797576542384	-0.304921837199909	-0.587977391475801
-1	0.0917022019120408	0.663759549923129	0.661876628949249	-0.896501137826825
-1	0.987720951432232	0.590418185848006	-0.0536891264159648	-0.448478771116807
-1	0.643914943395143	-0.222080892520994	0.942556258264257	-0.964050417749235
-1	0.519973587021219	0.69154464345963	0.270969510670271	0.269622533242042
-1	0.257605179798605	0.273868285712725	-0.166868201069007	0.753355623108035
-1	0.134449247799092	-0.553536586255551	0.920253044888495	-0.774414078227437
-1	-0.67727611385159	0.614014101966291	0.788776515884686	0.705853450906395
1	-0.536083403758744	-0.87084774666971	0.318162968064734	0.212466057954573
-1	0.801741119381851	0.582916434660049	0.330361119159665	-0.764314379433316
1	-0.239847573097724	-0.597597985341026	-0.815291298467336	-0.835886485798232
-1	-0.241573775765288	-0.0344600393597316	0.0640749163292698	-0.098723597404884
-1	-0.662695683381844	0.767576481107425	0.304213688384841	-0.540720246518366
-1	-0.235717327909412	-0.0830938234380884	0.190554476897491	0.955205775776508
-1	0.272070624526623	-0.0582774603079433	0.277573360725107	-0.354761211832408
-1	0.743506505034634	0.436290707176687	0.780774976024765	-0.626293150534059
1	0.80164166996332	0.240457422677641	-0.912395367358064	0.514762690064853
1	0.459756139414272	-0.269909799690316	-0.765791537131086	0.93705715236117
1	-0.638816475700036	0.0352838901035879	-0.490529893660233	-0.144796834860368
-1	0.0891595841800605	-0.330981715270775	-0.00507060112667768	-0.831090712841177
-1	0.38238849741518	0.018976642293379	0.888281605154407	-0.444852594959015
-1	-0.69019958641855	0.329496762403053	-0.0584292211841928	0.547010419679345
-1	-0.0614022235672	0.362957192288226	0.94039543342795	-0.139981420310206
1	-0.694656926065058	-0.314877669007926	-0.50782088446795	0.323861719725589
-1	-0.378372961365791	0.811001852066723	-0.637528155761551	0.517968801557072
-1	-0.122064672001668	0.549312226264417	0.441520263180845	0.607214116308472
1	0.533368018238511	0.367156536023671	-0.90190377081833	0.728998781987
1	-0.592563929777855	-0.664648688242141	-0.133953808403552	-0.396947660202602
-1	0.946793140818734	0.108664073566284	0.262850290752412	-0.275470137258745
1	0.548009102022279	0.22562757098378	-0.936093564115508	-0.527855092439733
1	-0.701113356138167	-0.459405787037409	-0.423835086367948	-0.903201052873955
-1	-0.210305233118266	0.37418988317912	0.631714078426228	0.67606119330789
1	-0.456895225428462	0.185608386614178	-0.766423873494577	0.278157732113338
-1	-0.693453559509224	0.476960597316251	0.290973959160491	0.833076271150762
1	0.577456379112534	-0.718932511154065	0.0217793868024738	-0.0573561224422213
-1	0.231400533221383	0.212571996828808	0.1395743494572	-0.396753535325059
-1	-0.503088999308221	0.337343093630552	-0.0867745611289398	0.196679000368658
-1	0.422272040239662	0.767649252790794	0.77585261770331	0.395999467650428
-1	0.747095416182231	0.890326936678182	0.219082157695239	-0.662658884964259
-1	-0.0268526873676351	0.344721316054799	-0.182480650573261	-0.840821864940609
-1	0.735442457597443	-0.57796496412622	0.185894007415461	0.221827683607967
1	-0.898224814747565	0.58788845948311	-0.703494100693378	-0.530167456497516
-1	0.817690114405793	0.42977401960165	0.147073483628721	0.266941613176345
-1	-0.796151815818693	0.121262558326713	0.240744374338884	0.0863146470330258
-1	0.401019863505391	0.972918448957111	0.599887946434267	0.452351673251182
1	-0.539035555691941	-0.56496492194243	-0.746210846931772	-0.224544478219256
-1	0.409755768910868	-0.162423341145005	0.531062315931107	-0.583780496187406
-1	-0.742121560378988	-0.0463671558752503	-0.140071041481603	-0.767264936942265
-1	0.463548139419196	-0.137398748256917	0.207201419960336	-0.190634502652397
-1	-0.973322010586654	0.917746665849232	-0.498528720577494	-0.0909774587913311
1	0.0408371943239296	-0.556607104631424	0.378988885962865	0.992498020638012
-1	-0.379424230837926	-0.491088995473035	0.192151283469121	-0.374167142144482
1	-0.350417437660702	-0.867232489337787	-0.0636787484696502	0.000228863675253876
-1	0.744833369620532	0.365167676175557	0.698213690751332	0.300407379539873
-1	-0.831754117194449	-0.589561514365283	0.812071914697099	0.26419852639744
-1	-0.943173856447997	0.880286395494028	-0.788045896118528	-0.135942729718956
-1	-0.430154938916748	-0.0856615794290144	0.803393473757148	0.341246932438224
-1	0.914061138366377	-0.568621123008719	0.0596366576196796	0.483273197656159
1	0.471447169534605	-0.309134594774402	-0.588485521072748	-0.982428451060517
1	0.0560461920947051	-0.738708867569784	-0.84512024738133	-0.0991552356160968
-1	0.645425375385874	-0.0947705419244107	0.766636941473296	-0.874889071041201
-1	-0.9826884074056	0.859700094843144	-0.512098306562797	-0.901619536756361
-1	0.164387560991751	0.906794040420462	-0.358880385457948	0.616239503778629
-1	-0.894325248847867	0.237272753025066	-0.147803602343334	0.160550798829901
1	-0.768561208512895	-0.485068384318179	0.42265295955476	0.706237348591088
-1	-0.294482469230184	0.850904351030898	-0.28822828051086	-0.781796314651983
-1	0.0731308530425332	0.453048053874191	0.528781694140649	0.0539679643949345
1	-0.0463468027516952	0.680642141811849	-0.755638812554832	0.906954750375335
-1	-0.744441266983953	-0.0887728496868037	0.618773151011566	0.151596685476413
1	-0.886350545979268	-0.913156825077327	-0.153254322313356	-0.289855033759892
-1	-0.573563272866217	0.705013010513509	-0.823140628553527	-0.992732902054085
-1	0.790259262449229	0.443397153841051	0.377598446504026	-0.765825583490462
-1	0.838669007568932	0.250963680097351	0.786132757452378	-0.458885423587116
1	-0.161361827124544	-0.551357595972418	-0.804672766385913	0.794521024354976
-1	-0.806542261413551	0.548433256125279	0.0519800759162661	-0.435736461279791
-1	-0.669081599297506	0.433933729042268	0.144727265995334	0.483745419179902
-1	0.662432852975294	-0.265835135833283	0.360680770762582	0.194447600838937
-1	0.6184996020135	0.700599712180253	0.0469013448091695	-0.855404383435568
-1	0.668185937995178	-0.287492006685348	0.279800621457305	0.000504520256307206
1	0.674044979584424	-0.295495378456775	-0.572055577101212	0.629733699201482
-1	-0.924550392629835	0.294607277631111	0.215298956826003	0.702689517150954
-1	0.89450938435947	0.703246611032284	0.0683165774998797	0.806916328988465
-1	-0.28410008330089	0.82425212665659	-0.0418610531100356	-0.434783802104547
1	0.0348630990064065	-0.717517861033565	-0.620773434462386	-0.00749700190848535
1	-0.439714255481825	-0.306886047733429	-0.655165755029379	0.0560943982825122
1	-0.917283616921531	-0.816849154334911	-0.384325185503962	-0.861930704611321
-1	-0.795937664711819	0.641537140887946	-0.127071361582294	-0.873869820439196
1	0.168841782570277	0.19482271335778	-0.879523955229448	0.488953117043224
-1	0.120488833226491	0.422246376714784	-0.511186068649956	0.0363111230713833
-1	-0.781365227783735	0.44203774884438	0.589236034820432	0.95918624194301
-1	0.665848286666837	0.553764441774117	-0.521452315860173	0.79424747535691
1	-0.257539234709711	-0.518314853086283	0.109732517558025	0.385703799028743
1	-0.666718572222962	-0.71270237663421	-0.559781224261867	-0.0190689726821468
-1	-0.640329623427396	0.371850024616276	0.547017316123013	0.892298761705076
-1	-0.321067536864927	0.077229661437324	0.498627181862773	-0.747027756528476
1	-0.169682027385422	-0.0578136020609241	-0.361925453581813	0.52107720334133
-1	0.703776081886038	0.469185829846741	0.444727364668961	0.612616722291623
-1	0.793668207616391	0.342915442466231	-0.226131774124751	0.118247995673794
-1	0.103877917446139	-0.61435199697239	0.390246111615675	-0.471048058695648
-1	0.704603161525262	-0.178572660860872	0.39560853009839	0.722377188374464
-1	-0.468195376670079	0.487224839388963	0.792848751783766	-0.118455840795513
-1	-0.245396062380353	0.139545017452699	0.129282740470619	0.748638808610215
1	0.875229060591771	-0.403484830355032	-0.64262134006369	0.141405110778941
-1	0.943410566981607	0.336263791348908	0.128868269328432	-0.276338111272239
1	-0.0843101046440704	-0.0425295192015029	-0.909528606529128	0.273274935443548
-1	0.0369577822447558	0.497115795266403	0.592035591412352	-0.00963401468919312
-1	0.513429397490541	0.321970780064338	0.877053109871714	0.974022373544994
1	0.9816039130006	0.018065374818661	-0.812304399820186	0.857505123995945
-1	0.681621131338934	0.776249993488309	0.721167620141603	0.343093133225615
-1	0.14933764615531	0.756530387213701	-0.233526734278317	-0.43576893556666
-1	-0.660096910623879	0.696088556058746	0.737387661699852	0.197153037971423
-1	-0.0144632174700793	0.632463115096308	0.174837428692187	0.767614126097231
-1	0.256779733699178	-0.333415777112085	0.613262045948423	-0.252867319273235
1	-0.269044054331744	-0.877666405345158	-0.314580593870292	0.0346888280635183
-1	0.895189247976611	-0.197517233527041	0.368114761713946	0.432633157555309
-1	0.262491907580985	0.155260366925625	0.767034895609615	-0.14283631422689
-1	-0.591180430534845	-0.500126464059635	0.459783979440007	-0.832839426506702
-1	0.615096171207305	0.785775136102818	0.574324242572451	0.159159508142229
-1	-0.809002784923186	0.526240329037532	-0.0666281539325734	0.34086922618601
1	0.759728133566551	-0.60511744655907	-0.995170797219114	0.880966282394233
1	-0.852866648627849	-0.890561016225517	-0.282757360154184	0.315019690112686
-1	0.404803328870238	0.440562919453048	0.12654917832769	0.559287536684092
-1	0.0908305873586008	-0.313521207921915	0.447903885249004	-0.65314512031765
-1	-0.611584374500245	0.333840108166374	0.301739156852355	0.184642722450496
-1	0.929053660449131	-0.119776024073258	-0.211666531493732	-0.514336753410444
1	-0.827320864343699	0.00767685519888861	-0.847482045110074	0.471004597596361
1	0.0922599803154636	-0.545897462193806	-0.443864534350049	0.204715616630724
-1	0.188961748587416	0.344550179943699	0.274960694496967	0.500306694535681
-1	-0.202346436307927	0.487148479319712	0.285499806183157	0.153052923806502
-1	-0.56198227292019	-0.547984794503071	0.452360356902871	-0.031743349987894
-1	0.373324357612675	0.900496442755915	0.0763299861346978	-0.0713826208707795
-1	-0.662128749146186	0.227469362890101	-0.229256117357526	-0.14284289308956
-1	-0.775498827814822	0.748729123616931	0.411815565736879	-0.120495842360191
-1	0.606549084934662	0.51916595619133	0.708287146737933	0.139456496173263
-1	0.956921028884557	0.246238042249455	-0.777240290202778	-0.0492992089359552
-1	-0.115572546196902	0.921833561696966	-0.629674211903324	0.746280407414902
-1	0.411518097581117	0.947597190713322	0.549201315990277	-0.0987328538199574
1	-0.951659698016783	-0.851313766954147	-0.253375004629314	0.477038454952202
-1	0.42786361902387	0.820076818494162	0.112338888976881	-0.727817307099615
-1	0.931346869064191	0.223900575760706	0.133133346742547	0.864790617425363
-1	0.68335865516372	0.698978358739511	-0.019785555554454	0.440232624970485
-1	0.93273461420682	-0.604543463142842	0.89375760960102	0.278487607500743
1	0.77886133258178	-0.853956689990105	0.196131894921945	0.191779684830354
1	-0.770744504300293	-0.498340434161173	-0.916170803790992	0.451490795915709
-1	0.530170654659239	0.330049578719795	0.517099281548103	-0.609725939859509
-1	0.678268046899823	0.869476736462431	-0.191183195072777	-0.924185060860675
-1	0.00210412824624417	0.934777110784677	0.451640538615939	0.7864722664405
-1	-0.593172932785551	0.436104453837548	0.208109627109072	-0.266979546876149
1	-0.886895304493092	-0.642030907628141	0.267342135900325	0.185449095063586
-1	-0.05838088274858	-0.0699068368738084	0.813545793208082	0.0160615607239594
1	-0.946160418887697	-0.729286291510466	0.122405813598263	0.902296991973322
-1	-0.0474456618760926	0.554845310540332	0.247782959252495	-0.0737959468149562
-1	0.736247622285154	0.660848093061172	-0.257987961758854	-0.398702709655605
1	0.706801294212603	-0.257140713397945	-0.813477429474461	0.813881918701288
1	-0.109838446187712	-0.0956004946937787	-0.561871503275759	0.997957503422144
1	-0.0561840017587804	-0.89271465683948	-0.128339459713707	-0.657243121255768
1	-0.0620663170991774	-0.536888558201906	0.078674989323446	0.871286403327848
1	0.234317429938501	-0.101619898854578	-0.490128321335711	-0.399922508466953
1	0.516503785511713	-0.498962279175856	-0.663565520971811	0.407554338410289
-1	-0.252929077135832	-0.0934801870460995	0.123260601015417	0.447258817705912
1	-0.313005848467818	-0.474563514569105	-0.949775355844654	-0.254021025846722
1	-0.305907584403598	-0.393187663235323	0.0262191589112484	0.370245408904853
1	-0.82855347815368	0.453460217199037	-0.704712458748702	-0.962780388054801
1	-0.508035333598049	0.815588289785939	-0.92775443751726	0.946554237951783
-1	0.399053168203241	-0.220351065145969	-0.0356366909275002	-0.510557103674187
-1	-0.523829678783114	0.376496555924647	0.691886623246542	-0.162132478860269
1	0.150976414396882	-0.858065453291901	0.084793504832682	0.205763573388459
1	-0.593575192426134	-0.22103176788475	0.0668109958371199	0.983641740858388
-1	0.781138904290804	-0.00913032098167121	0.310963351889962	-0.581620487189675
-1	-0.942939300994826	-0.874318433866984	0.64866446314783	-0.668878653863854
-1	0.436892282886846	0.708429580418593	0.699839881481528	0.780857212739464
1	-0.396907440105876	-0.527347933280909	-0.891887174868904	0.700915495725775
1	-0.571207841658596	-0.610119758923594	-0.991498829792952	0.967421988010137
-1	0.942156503881401	-0.366182295310396	-0.0289115035109742	0.310497595607535
-1	-0.166450137815648	0.212357123015615	0.595002559756396	-0.447842131111697
-1	0.522018831931995	0.820455585522789	-0.0361793986690134	0.39247828973107
1	-0.613350778638083	-0.68835419960709	-0.743919292345606	0.501094987383622
-1	-0.495375062104024	0.653866049672414	0.889493538946609	0.273371602070225
-1	0.130984471706201	-0.366758037063646	0.0525506134389671	-0.232259259201707
-1	0.676656674443119	0.911029410507078	-0.765225038754393	-0.321675652322208
-1	-0.966178278422997	0.383878009106907	-0.223028584952945	-0.98345543350254
1	-0.229532938091798	0.0993890078269826	-0.958514763023013	0.1473211996012
1	-0.980218817470697	-0.999534243717573	0.584829650625973	-0.155296424010441
1	-0.46932099362338	0.0965065942595278	-0.190897485795849	0.616436697364057
-1	-0.255391020912394	-0.692638408249541	0.394207991377547	-0.708553240498786
1	-0.783428640935304	-0.392982162252526	0.196290557829798	-0.22507389133101
1	-0.499613297870203	-0.264870431863177	-0.163562483696063	0.308914540945047
-1	0.581267091250637	-0.796652244309267	0.633840921164416	-0.0774795483227259
1	-0.0224178382299923	-0.083321787921396	-0.4816638526887	-0.861859177174912
1	0.0434841704757345	-0.0527239651664737	-0.377988772177132	0.287260213534934
-1	-0.729839436584077	0.108759508053194	0.481313804854319	-0.495840818386451
-1	-0.930963600953558	0.0447899629570496	-0.257307404306395	-0.965522122553327
1	0.824139448732203	0.43611391607491	-0.976868238289313	0.36929508269266
-1	-0.483178580870469	0.943328201744393	-0.538247011386904	0.426803883829529
1	-0.812412548722891	-0.997954693621935	0.516157864367663	-0.964662506228621
-1	-0.737048508476954	-0.26742930396806	0.566054108350563	0.81643342683857
-1	-0.633375164881989	-0.337690801051301	0.867121414219551	0.614000794298016
1	-0.421829553051772	-0.329038308620936	-0.427047473111678	0.79733294425408
1	0.685350363927591	-0.893052222157387	-0.978713803914708	0.107811851011502
1	0.125704032893155	-0.307868623783751	-0.294110290377452	0.455596739172748
-1	0.992436972443218	-0.198040361142736	0.484775092212844	-0.854846824824273
1	-0.819784006019954	-0.735454161528244	-0.594300967452256	0.0342539600256151
-1	-0.545074776534492	0.0915322634817717	0.950553371547979	0.0414388640976693
1	0.431118170465863	-0.413326265948511	0.0243087220118887	0.537589867383982
-1	0.542705399702632	0.664880378015749	-0.862465653504462	0.406727200097743
-1	0.177668548737498	0.128691801395589	0.456307430498445	0.153177757353139
-1	-0.136838610813412	-0.774201182543394	0.683944718765069	-0.590126358713082
-1	0.922042005659101	0.353941137601594	-0.698900149063626	0.495456075060859
1	0.296155596755517	-0.939438874805085	-0.957099478671839	0.460991852665782
-1	0.247795603819096	0.420900933174836	0.636217432858524	-0.897921003353745
1	-0.743389833599045	-0.167132545806064	0.159075570832508	0.486638183466456
-1	-0.279591680168915	0.531513662790653	-0.633785226211783	0.0986766298761017
-1	0.0826390558307242	-0.51630367129869	0.56510645130887	0.460823654877405
1	-0.445402970279289	0.299162509524805	-0.72207180956475	-0.136254828952372
1	0.345652208358819	-0.668402665140295	0.281991785989139	0.95441717652344
-1	-0.419398880293313	0.995825391260826	0.112211954366515	0.100984085863914
-1	-0.209567587454602	-0.54490270351288	0.745283267342152	0.370557045270948
-1	-0.456226787276672	0.563316869346107	-0.710205736435114	-0.878195533472204
1	-0.971337054842774	-0.964544650150717	0.150117033696788	-0.655198905456438
-1	0.969616230563082	0.969669247031989	-0.567230562477946	0.331647726395935
-1	0.859584043668389	-0.414731911111033	0.327234585456194	0.438345676957791
-1	0.788834686292724	-0.159723803941032	-0.0591409546598517	0.996993087230713
1	0.782632934759666	0.179155350280532	-0.884660355693037	-0.083801731040609
-1	-0.861090852814303	0.681800256335084	0.521477876939568	-0.739215224859871
1	0.720655499827422	-0.941908515031407	-0.303794229078942	-0.734688976656035
1	0.786230395448501	-0.00434227148273136	-0.445096582847227	0.519322186484617
-1	-0.806097934863576	0.443301984781074	0.43216070972018	-0.480858320128572
-1	-0.850954524171983	0.933127095891688	-0.105871059515453	0.37598296132683
-1	0.898827897337651	0.950344059593204	-0.905166867144949	0.99533303081772
-1	-0.331409194195368	0.673866277408724	0.31214939957119	0.95015621648643
-1	0.514238251146971	0.748290180111439	0.587924110511282	0.364617862442796
-1	0.447977225039144	0.373595994605495	0.982895319342099	-0.653137311177858
1	-0.486022527090284	-0.110667741443341	-0.37585440528386	0.911524745594489
-1	0.273463476110931	-0.832541585821911	0.545417330947433	-0.136073684848879
-1	-0.969635328263806	0.807912398971576	0.244443611821366	-0.65446729848835
-1	0.408115486338788	-0.578282634531279	0.847947611402696	0.849505838867978
-1	-0.714973590204014	-0.260643317019866	0.0173703716217402	-0.811434912407508
-1	0.586967123480033	0.526144846121848	0.592193969335497	-0.953210777581302
-1	-0.254057914602597	-0.253950445565372	-0.248927227803006	-0.962059784662938
1	0.407733618005986	0.190285554709977	-0.928655038554526	-0.17969392946907
1	0.460406665438976	0.0852980208980376	-0.994835793038288	0.259713217271358
1	0.308981501175548	-0.0173958051099422	-0.897480514784102	0.731369483159561
-1	-0.595073271354229	0.23090681770393	0.964968359081525	-0.139321593166944
1	-0.570577334412642	-0.0333833019404595	-0.457959269852358	0.0925208856782507
-1	0.900342568708743	0.738418271643304	0.0795914526468102	-0.29137945794099
-1	-0.643774377016246	0.794330231749606	-0.240104434657891	-0.0121673732121323
-1	0.297138289221161	-0.422643627702558	0.165582660197086	-0.472586078323697
-1	0.416385641981096	0.507477115610371	0.456192697145134	-0.159920882973783
-1	0.736567437526103	-0.575862458709563	-0.114873963927326	-0.677182534559249
1	-0.583446841492991	-0.411765605868663	-0.45947566230757	0.302422214905928
-1	-0.363162802235765	0.286000888462179	0.783638358946721	-0.643939694223897
-1	0.561176487040322	-0.268484437497558	0.617366556831341	0.779325387337862
1	-0.795991175713013	0.658551886518743	-0.862402353371681	0.669315346362682
1	-0.889305897936833	0.362724419386463	-0.535919552452825	0.666076433689369
-1	-0.674597544444072	0.0173315801738443	0.962574928050197	-0.268374871121894
-1	0.817021534692972	0.575105563539595	-0.685016158821534	-0.1025503869646
-1	0.774714120558796	0.124889242055309	0.124110969306953	-0.994714875703079
1	-0.918509338013134	-0.780776735293109	-0.324032272828758	0.312108174577406
-1	0.197893933950874	0.777169237740882	-0.928216655705225	0.0702247345215756
-1	-0.989308127197115	-0.596164740433993	0.426656139747545	-0.434377273281281
1	-0.0400101845338988	0.386257272859224	-0.676594902610683	0.757833755462353
-1	0.369879468982052	0.786877350782453	-0.27061498503695	-0.626156981860361
-1	0.960057093743262	0.219049602383305	0.997415009884823	0.399221578333164
-1	-0.37434053391886	0.808899208814325	0.485400680212956	0.0617316342246401
1	-0.0289829527162867	-0.113811254088679	-0.418653814782693	-0.563712755014986
-1	0.607404593195489	0.61208143253442	0.697834725350996	0.984785559580096
1	-0.0174158406524992	-0.174510527949087	-0.528578587588192	-0.666475135677715
-1	0.290941075091689	0.3938557130256	0.655384560886484	0.921567195989921
-1	0.590675440426299	0.396952201331478	0.771635313412005	-0.569235738166252
-1	0.251700466150278	-0.442849914283887	0.527570144053348	0.987836769776343
1	-0.604495772907741	-0.249732048832687	-0.954771969446341	-0.137558940396439
1	-0.778191745177932	0.276746148838078	-0.313551291503735	0.38899472513655
1	-0.708231442472074	0.0100517100701349	-0.900792312762138	0.124503126891564
-1	0.8224890743487	-0.00963110523746868	-0.0417818664767695	0.347908382931682
1	0.688422547508228	-0.661380462190779	-0.224750403885148	-0.455610003068862
-1	0.315455938370645	-0.604139849359235	0.082901943047951	-0.433798619282338
-1	0.563665041496821	-0.924152186105099	0.808546137906865	0.228707264749663
-1	-0.96273610459768	0.0546364183792083	0.810031168074361	-0.586133038432399
1	0.358618601857973	-0.406490584559036	-0.959216982107245	-0.142863357971824
-1	0.56685340198076	-0.164606334252565	0.762977304758028	0.705838010509423
1	-0.860959236445352	0.0824266872752581	-0.958243693205641	-0.719110634978446
1	0.294648025787737	-0.46911856600508	-0.900921878358778	-0.399693454336232
1	-0.561265932191753	-0.576273069519677	-0.25765828567448	-0.0869190716589424
1	0.78190048960126	-0.0168198528777901	-0.327619168594302	0.999644076451494
-1	0.667366008119362	0.479026649835998	0.29877601810674	-0.854039559072833
-1	0.468200010931213	0.457741443746603	0.35173082973423	0.237132139148718
-1	0.200020541995773	0.685340725670262	0.765884525033592	0.228979658907736
-1	-0.0504141231302238	-0.898918508504945	0.781054980950921	-0.146971118239207
1	-0.424357766948807	0.0694115856054294	-0.594650766623509	-0.766970748904613
-1	-0.645896156153593	-0.197987421973603	0.271553354929925	0.0327836075019015
-1	0.97676969225368	0.208239592243098	-0.210026803058585	0.613536964921996
1	-0.687705295946312	-0.103049760266696	-0.36803352803366	-0.624561545264237
-1	0.921128584035267	-0.958861058558738	0.189770633908813	-0.912173247855237
-1	0.536617647640695	0.617016863830861	-0.762362000421789	-0.318700680191955
-1	0.730695857541028	-0.195375832354359	0.0808688230257801	0.609307300117476
-1	-0.235003091038672	-0.129901537266514	0.650720668793991	-0.662347423686808
-1	-0.357328050470598	0.889312832564727	-0.662561304710136	-0.287511096004169
-1	-0.422169086254281	-0.560648419689689	0.645540232605087	-0.134646569907035
1	-0.792526705093927	-0.734007589395162	-0.830809251326513	-0.740039581311885
-1	-0.332231753194813	0.738193864812233	-0.0751625649049704	-0.696929697737531
-1	0.0533742537039212	0.390446070297829	0.307851074872469	-0.0915530645714854
-1	-0.0886891424137582	0.693228228806159	0.316411234120098	-0.0413746307796681
-1	-0.168226413972781	0.724049913568446	-0.497666606445642	0.549479676200766
-1	0.721143755000617	0.662246054812449	-0.732213301459427	0.106671229520194
-1	0.557518923449106	-0.547679379371777	-0.0291349846074055	-0.577018128511039
-1	-0.44048845555656	0.919477567970509	0.797607540990043	0.481777003724956
-1	-0.604401291163825	-0.675582796184152	0.88035345723869	0.270625237035856
-1	0.447826115157374	0.977677580890095	-0.986468926997142	0.992501992728795
1	0.879786732550611	-0.222201479236689	-0.444066953586446	0.374550838663499
-1	0.562247387861017	-0.257726266634523	0.42634171872695	-0.0505562792767567
-1	-0.427098401555372	0.378813326069533	0.880715317968612	-0.146218999822726
-1	0.937018186755953	-0.903939443595679	0.144209675092348	-0.454772759906376
-1	0.998205712064265	0.062519519153293	-0.297558504760991	-0.784552373823036
-1	-0.232671150580361	-0.498144436393932	0.74355875781903	0.133896685733412
-1	0.592838529307786	0.826074071147514	-0.48715177340766	-0.413106346229607
-1	0.812874771567469	-0.954214002915758	0.510799254062958	-0.145903994862877
-1	0.710518840565588	-0.490168599174436	0.669692943650155	-0.0566547657626936
-1	0.106313008398895	-0.106764140122926	0.544423841659177	-0.184754809916371
-1	0.0259789019012726	-0.978578705330649	0.850080273044333	0.180698218373907
-1	-0.961237749998103	-0.0561734591872308	0.544758816969003	-0.700461847568146
-1	0.180207528723501	0.335126217145066	0.272419524971591	-0.614693403995919
-1	0.275236085651087	0.798083446825893	0.225173143309156	0.377931168944543
-1	0.034239762944281	0.422036360680143	0.781712309355714	0.736173316713503
-1	-0.770574493226863	-0.160551935043443	0.136568949155774	-0.472884398639614
-1	0.868014072006575	0.0266193128314891	0.143262159611686	0.427186785930389
1	-0.573632387245834	-0.799135559144959	0.438914231694729	0.104969852187191
-1	0.518095677494116	0.88719630515538	0.189468724275692	-0.254092445249712
1	-0.348224709438265	-0.437139460554877	0.0951344357315145	-0.350988011504983
1	-0.718684745821489	-0.786689925839514	0.406686125046893	-0.522251445577597
-1	-0.226633527887349	0.125492658058876	0.578859919486036	0.912435393739695
-1	0.284658257516408	-0.708238225294388	0.909105471293025	0.684276647718752
-1	0.111523550521361	0.808250524945674	-0.414180316689508	-0.813469163055284
-1	-0.115147654486423	0.322964671683947	0.312684146367332	0.0121429371704083
-1	0.800564381201083	-0.882427968961386	0.873170539677688	-0.0206569121315409
1	0.896211985450337	-0.8325503272156	-0.132789081490035	0.388039780495707
1	-0.391385277449798	-0.520734411441132	-0.273844121617192	-0.528620776500842
-1	-0.673098075051372	0.132700320860697	0.454858062534993	-0.983884567387348
-1	0.432761939909664	-0.341179605266629	0.753749129247735	-0.257478586052302
-1	0.447759393345453	0.230826765871992	-0.857471471586019	-0.865394161951446
-1	-0.708241030437984	0.754637583975977	0.993446301665831	0.709845152548442
-1	0.301376621844888	0.00293788733097622	0.861055209236711	0.328810618877788
1	0.250176393077791	-0.917008501438894	-0.151552392706067	-0.836256776860103
1	-0.659860465517203	-0.572656962821566	-0.418463431027934	-0.394083200671749
1	-0.741718260451089	-0.80917986100967	0.303820671189493	-0.194607331042461
-1	0.565605896322805	0.437726247793867	0.357374722770124	0.978823229660663
1	-0.646607537589319	-0.43029574930216	-0.246231102964948	-0.773968049219795
-1	0.569215542436212	-0.429837267580366	0.564383543824956	-0.430262384670909
-1	0.975043502624632	0.738564701629134	-0.312415881693557	-0.85842559852564
1	-0.825996628881431	0.157365765961523	-0.913336841349181	0.605676835219225
-1	-0.381789620677843	0.397345259505019	0.221202830421367	-0.756089573612478
-1	-0.715747286433236	0.291114839395096	0.675975898129854	0.00541890273122991
1	-0.922716174238695	0.147832329919484	-0.515760325601213	0.256939254355123
-1	0.927006094682499	0.337135859456442	-0.43100005827425	-0.145967278231851
1	-0.602737138794147	-0.985376927994833	0.356452690137761	-0.268327628852952
-1	-0.750831009704075	0.635023258456505	0.759595076441576	-0.319986339341843
1	-0.481392045263849	-0.721290008035158	-0.811300279484736	-0.398425167146337
1	0.739758918871991	-0.560037832502293	-0.568086571790318	0.100915973587388
-1	-0.895843019660489	0.698143835970268	-0.812817710364618	-0.831739363182215
-1	-0.7834765826275	0.113464296382602	0.6945705160939	0.0622776230155853
-1	-0.106271647432014	0.748349994303822	-0.8512518749811	-0.578616787483272
1	-0.914076941979154	-0.692555710530167	-0.357268479353408	-0.36209235683181
-1	0.169564759903385	0.833551396538295	0.744311540268507	-0.840619700886598
-1	0.800913075823762	0.354990787503771	0.356507844923301	-0.016812879134348
-1	0.637750183063443	-0.45881083023679	0.725302471651371	-0.994457278398079
-1	0.102415118879832	0.0744010652761911	0.265659983859239	0.637321658263598
-1	-0.284081098290198	0.383323700811399	0.152782274015612	-0.771137741287769
1	0.14995356982106	-0.599260695092036	-0.362490695604352	0.283798564823251
-1	-0.679947444088733	-0.705824932877824	0.837944018579062	-0.499181004007897
-1	0.486275133437605	0.338211863924848	-0.405909397362689	-0.788836334733682
-1	0.63597847131825	0.550792077347074	0.432010072950278	0.906207522333696
1	-0.3043493727708	-0.727466870903721	0.300002897763626	-0.25083380716426
1	-0.658364008953033	0.20399516876973	-0.469489546245658	0.675334247609291
-1	0.388161824731232	0.689027794491978	0.959862504135753	0.819327287291795
-1	-0.517309989555418	-0.488573533244698	0.705464310806927	-0.297400642790553
-1	0.154662015454221	-0.586130738065639	0.48795407334713	-0.231174545004579
-1	0.196042092142646	-0.539487024554744	0.839327743202135	0.506738008701586
-1	0.517046768924709	-0.144311151068803	0.496911987428047	-0.700461680861405
-1	0.947098567125899	0.514138806385053	-0.630435749716328	0.551623041532758
-1	0.642390992325913	0.359452461525543	-0.0583289689656016	-0.556614227386478
-1	-0.916679196952227	-0.596383918820128	0.887226267665264	0.945958401051331
-1	0.870228851153622	-0.037824943213642	0.895636740092019	-0.368975238580711
1	-0.665687437013577	-0.981383268712733	-0.981871014452479	-0.0251513333176967
-1	0.632747553117921	0.891491245427863	0.0565016498120976	0.222109209383889
1	-0.937161996000056	-0.336815382045142	-0.28983456980895	-0.764862348216056
-1	-0.566794614105855	0.79326488906204	0.232119423911031	0.48594714211577
-1	0.707083181341683	-0.769027865384253	0.728235680483391	0.874023018346179
1	0.319463544208307	-0.591760537397005	-0.823063705034118	0.12323754891904
-1	0.569755435720904	0.262078538193404	-0.380721445838325	-0.248954065725652
-1	-0.473357005730903	0.541995672295799	-0.101403396158201	-0.766132964643712
-1	-0.435123764646763	0.208302981782846	0.172425445715163	0.498430037637442
1	-0.162440136616323	-0.477936679254257	-0.333209233979326	-0.944392678301964
-1	-0.542362843427045	0.147455040899783	0.488785037532814	-0.0207936256289453
1	-0.350712968665507	-0.293466620749546	-0.989819613280622	-0.709944086014267
1	0.171496657268841	-0.598720874450505	-0.761124780290353	0.639256716537874
1	0.233939376302966	-0.97838627825416	0.311561217210983	0.926073100383427
-1	0.841680436321385	-0.105108563371519	0.4050932309614	-0.629330985075483
1	0.272212691266189	-0.694544284462251	-0.304533784885208	-0.479157668295855
-1	0.764588014113059	-0.523701605165238	0.670261416430707	0.224902404111299
-1	-0.379160556653124	0.73368938627359	-0.351612721267907	0.18501986059594
-1	0.564181368595074	0.672628358785356	0.416385861773223	-0.827991496691476
1	-0.0805455749298193	0.197729920594827	-0.526049482415453	-0.136777943529551
-1	0.251898151474026	-0.670777359824058	0.579549277005507	-0.874636131280398
-1	0.303120452586152	0.259339887303924	-7.23409466781844E-05	-0.456737486392603
-1	0.896741764571863	0.246352345331736	0.656749601316056	0.942668426755196
1	0.116970089784344	-0.703878248903844	-0.216605369568153	-0.847818558964794
-1	-0.548011174215009	-0.0320572941713302	0.214618360257995	-0.827011363500269
-1	0.0362719628197477	-0.214722017391921	0.669216470638857	0.437807270995251
1	0.752891846817402	0.0538553591137079	-0.924924652057199	0.561311017517611
-1	-0.394772140027383	0.139552713902459	0.00661867531324667	-0.356049484273442
1	-0.579059080956066	-0.458128825509049	0.118770863450491	-0.057009948909753
-1	-0.274093561467758	-0.42989765360481	0.217721879117993	-0.494751873190865
-1	0.47637073578144	0.12699890282331	0.328160639539436	0.37448709801514
1	-0.923060215042466	-0.294281148023103	-0.931950229188404	0.268059617498917
-1	-0.110766271646491	0.264204420738017	0.720019677523533	0.951511719241511
-1	0.983111560336832	-0.699038118915184	0.826950093650701	-0.533379831134053
1	-0.339993830462915	-0.858257993989744	-0.6275279780978	-0.750734906527556
-1	0.184264539361123	0.438616641535711	0.93803465363478	-0.242810949330596
-1	-0.760266329981511	0.0127990855894979	0.521727507711261	-0.424901084706607
-1	0.177350887645665	0.8404045793416	0.426275002502964	0.881886479389801
1	0.750220826710677	-0.29062976655114	-0.303382099281709	0.909273059996438
-1	0.457117343068643	-0.705270627376284	0.360867486037718	0.0471729948405051
1	-0.014194411697888	-0.192984269556116	-0.327922710835898	0.341023439234599
-1	0.419533036378926	0.0551069560717359	-0.339161044610274	-0.880020962040881
1	-0.285078919159751	-0.347849305415456	-0.717016118446838	-0.415835567478014
-1	-0.80236967550701	-0.0315432143544514	0.320983587448012	-0.962245905754271
-1	0.18896424918853	-0.429028411129968	0.134753427996651	0.0641406993680358
1	0.183991344265636	0.492950855518203	-0.909291270146748	0.0488291490119086
-1	0.837929418235053	0.838133198133732	-0.798709107469166	0.273741326887971
-1	0.604343980366524	0.917677033654264	0.00950282579730399	-0.634723203086631
-1	-0.219125480027462	0.325299027061695	0.263459505170332	-0.62275119108276
-1	-0.233460647628391	-0.402988785599819	0.337656014290478	0.184626713946753
-1	-0.648039869800229	0.401748469752143	0.860177834453144	-0.474799806938879
-1	0.557420697788438	-0.157889430019022	0.684256154896811	-0.218235958934871
1	0.388386646000848	-0.341136193527438	-0.279691189192092	-0.113854245801388
-1	0.159975944627065	-0.703273213330318	0.863181650574869	0.492854732783909
-1	-0.283692999409369	0.623248140152194	0.503094020999546	0.581399838245194
-1	-0.146183936459098	0.387097628501755	-0.484364942407405	-0.202755952814015
-1	0.64264786878724	0.917707084639793	0.803289912549448	-0.127668702568705
-1	0.704997280475216	-0.0562652214692277	0.271214741874121	-0.408046965211652
-1	0.233315574579553	0.950126714049897	-0.287819430831736	0.782242874513493
-1	0.632773021065059	0.565508536792131	0.49140845122347	-0.00418115174592526
-1	-0.846122956763079	0.419526851465705	0.885354680887123	-0.0545198261060379
1	0.197368222846355	-0.876642928401308	0.205300852286304	-0.515852266697144
-1	0.462117376486825	0.770604772386423	0.660941808326608	0.143291212219415
-1	0.0939171934006351	0.756256176045284	-0.669189349594149	-0.0351374983019835
-1	-0.113886587840452	0.0629337872671587	-0.117447675726119	0.639713613148645
-1	0.0388206574315302	-0.188075142534485	0.0767667605899121	-0.555348132529924
-1	0.387649064598442	-0.87164422398044	0.652830179619058	0.209849230577168
-1	0.584546217501418	-0.919061223938624	0.860081711718851	0.1507984637985
1	-0.868160311071277	-0.492724827254529	0.427522795008273	0.434289212075197
-1	0.501742947614632	0.570154883698632	0.59987582433963	0.519290797188548
-1	-0.287593767646511	0.319142179246592	0.41021392094447	0.934392508088794
1	0.282792970204164	-0.872076470345294	0.498035841387713	0.47705939853427
-1	0.619316063644046	0.747318067470248	-0.103870537646055	-0.4301607662021
-1	-0.317043787481749	0.851694838074825	0.956998190822545	0.341952185771406
-1	-0.657239909124207	0.440702813417047	0.557831109295521	0.0690124468267954
-1	-0.529473108020366	0.995451621709136	-0.100398484198562	0.381178600425449
-1	0.910523060667572	-0.489856655471892	0.0114515232906918	-0.413357979344836
-1	-0.671266618962989	-0.103478561669345	0.463119554083384	0.315958528460915
-1	0.463057962927529	0.363261527085333	-0.0726926192048437	0.719678478184938
-1	0.401710936521045	0.142374252501118	0.161858897265913	0.259725534943736
1	-0.369680065368153	-0.824229218915212	0.590533166933122	0.83722815003117
-1	0.18480931370743	0.290242477920951	-0.532157748719751	-0.719855149146102
1	-0.449723018077073	-0.914429390763133	0.0915291211994034	-0.938959865802415
1	-0.987676225596888	-0.469136622487165	0.0487639052089135	-0.283045389355647
1	-0.580459336554846	-0.97096467948098	-0.976130552578778	-0.227350374323945
-1	0.116472006364014	-0.0886061792674503	0.148326017497259	-0.277205374686609
-1	-0.715801486613136	0.58017093389303	0.106781270870371	0.319694685432918
-1	-0.0756125427203311	-0.762680287362393	0.94024124925036	0.200385838374675
1	-0.721156083848866	-0.701894425648215	-0.561307487805051	-0.705243889105154
1	-0.595081545223986	0.0623733657702679	-0.803630713281981	-0.379719417253379
1	-0.957698906752141	-0.268693327563206	-0.963634961267763	-0.756837228199857
-1	0.804992317131251	0.402079419885799	0.303634754057803	-0.0678054145853061
1	-0.685502378123581	-0.789647229849197	0.300137814739783	0.372675616002025
1	0.118504805079896	-0.610790728410143	-0.856746471420278	0.718926113899297
-1	0.0274447635875292	-0.13226145838027	0.553029636644306	0.604638379814401
-1	-0.816538792949421	0.148147565847331	0.355757393574229	-0.68704273071468
-1	-0.854670640013493	0.891143282824728	0.782196218046451	0.714218200051327
1	-0.907829134682114	-0.245992205685932	-0.687963844131662	0.357167297674887
-1	0.832666033801001	0.4035888646746	-0.269651467571804	-0.61483466607278
-1	-0.124971217999687	-0.0948367543028839	-0.08219769181786	-0.117880906498935
1	-0.723463820164774	-0.825413314544323	0.0051970635564984	-0.285965312871134
1	-0.0628181021021763	-0.432434366751664	-0.918118966705221	0.889634644561277
1	-0.845147954227937	-0.280233601704349	0.267311347307317	0.537179913156284
1	0.509343729125961	-0.408269093096382	-0.563180624303958	-0.105846472599472
1	0.375549278862565	0.723407769446917	-0.902166588186364	0.913849034306523
-1	0.619883201839348	0.589416554006476	-0.159976279903192	0.560489827562352
-1	0.898316614282465	0.942970517064897	0.540009582201023	0.714915940405296
-1	0.658860739161661	0.758088194652502	-0.156102668101016	-0.877718482109587
-1	0.94993623343759	-0.329089456856758	0.328102199979174	-0.991125478405098
1	-0.857049497709167	-0.358277293554636	0.375775371387496	0.577763726738171
-1	0.80926224952995	0.892561573485174	0.559366154279265	0.372404467022235
-1	0.486696447006751	-0.225143757287945	0.847823568548925	0.240935126897383
-1	-0.033230511021442	0.836195005027668	0.00961605506465579	0.151621012553396
-1	-0.19267016611652	0.00395327387561717	0.262235891661717	-0.31288037417125
-1	0.33456296535887	0.444707235994147	-0.184281927153599	-0.00578861916707296
1	0.0275560510473121	-0.633034907110517	-0.769226094600384	-0.603236148880439
-1	0.875869066396667	0.145029829416904	0.587243679718694	-0.16156681401728
1	0.263628706924444	-0.57205514589886	-0.248796974890305	-0.266173427582799
1	-0.65236760194058	-0.479930314924536	-0.895413215223427	0.727321628354174
1	-0.969949600272789	0.467619253074573	-0.926206619444399	0.12346037157041
1	-0.904853051484028	-0.70092554469636	-0.251853548573262	0.822665734133993
-1	-0.251527860412154	0.692276319345588	0.314951684006933	-0.0540170404380267
1	0.408674651481525	-0.359017425849576	-0.325688443763968	-0.301756733703314
1	0.826004633598963	-0.618436009445431	-0.449792324309141	0.442297156640467
-1	0.661787668085558	0.162602303159704	0.496535400625568	-0.658333382410152
-1	0.187612562993361	0.00939038256620539	0.977306419972939	-0.461175365122583
1	0.0849919799179732	-0.724210517352545	-0.196011385506024	-0.712739851191984
-1	-0.100633510900956	0.534914263307543	-0.342930773898461	0.866943712284297
-1	0.370913855438546	0.69225770127599	-0.100935567683045	-0.271518404256328
-1	0.618818641462745	-0.591891828734377	0.648291711531715	-0.816407252948921
-1	0.830078145409971	-0.35873927984328	0.429758534501194	-0.377353867225979
1	0.753633297865108	-0.947040241186991	-0.0921780611817623	0.966068407504851
1	0.969862009384605	-0.337710371863893	-0.934466039731384	-0.132551903432492
-1	0.971083852449005	0.732126762965753	0.935847808577049	0.0857565659497663
1	-0.678231964669298	-0.790678183450679	-0.26232624578398	-0.527317343059609
1	-0.111712295148388	0.0276915351989173	-0.95338352953707	0.873760388173983
-1	0.983913348048885	-0.192632156048264	0.32732941085814	-0.866253067677027
-1	0.482499558237614	0.821726079947187	0.823478515177722	0.253679496819935
-1	0.514310591627988	0.312942653574488	-0.488411527820123	-0.453648157163359
